Generated with : QBlade CE v2.0.9_beta windows
Archive Format: 310039
Time : 16:58:25
Date : 11.12.2025

    WIND [m/s]     ROT [rpm]   PITCH [deg]     POWER [W]    THRUST [N]   TORQUE [Nm]       TSR [-]        CP [-]        CT [-]        CM [-]

  1.000000E+01  1.000000E-10 -2.000000E+00  4.920448E-06  5.633898E+04  4.698682E+05  8.377581E-11  3.995477E-13  4.574810E-02  4.769250E-03
  1.000000E+01  1.000000E-10 -1.000000E+00  5.496977E-06  5.616335E+04  5.249226E+05  8.377581E-11  4.463628E-13  4.560548E-02  5.328063E-03
  1.000000E+01  1.000000E-10  0.000000E+00  6.068753E-06  5.595639E+04  5.795232E+05  8.377581E-11  4.927918E-13  4.543743E-02  5.882269E-03
  1.000000E+01  1.000000E-10  1.000000E+00  6.635139E-06  5.571826E+04  6.336091E+05  8.377581E-11  5.387833E-13  4.524406E-02  6.431251E-03
  1.000000E+01  1.000000E-10  2.000000E+00  7.195524E-06  5.544913E+04  6.871219E+05  8.377581E-11  5.842873E-13  4.502553E-02  6.974416E-03
  1.000000E+01  1.000000E-10  3.000000E+00  7.749295E-06  5.514921E+04  7.400032E+05  8.377581E-11  6.292544E-13  4.478199E-02  7.511172E-03
  1.000000E+01  1.000000E-10  4.000000E+00  8.295881E-06  5.481873E+04  7.921984E+05  8.377581E-11  6.736381E-13  4.451364E-02  8.040962E-03
  1.000000E+01  1.000000E-10  5.000000E+00  8.834712E-06  5.445797E+04  8.436529E+05  8.377581E-11  7.173920E-13  4.422069E-02  8.563235E-03
  1.000000E+01  1.000000E-10  6.000000E+00  9.365247E-06  5.406723E+04  8.943153E+05  8.377581E-11  7.604721E-13  4.390340E-02  9.077468E-03
  1.000000E+01  1.000000E-10  7.000000E+00  9.886968E-06  5.364683E+04  9.441359E+05  8.377581E-11  8.028366E-13  4.356203E-02  9.583157E-03
  1.000000E+01  1.000000E-10  8.000000E+00  1.039937E-05  5.319715E+04  9.930669E+05  8.377581E-11  8.444447E-13  4.319689E-02  1.007982E-02
  1.000000E+01  1.000000E-10  9.000000E+00  1.090199E-05  5.271859E+04  1.041063E+06  8.377581E-11  8.852577E-13  4.280829E-02  1.056699E-02
  1.000000E+01  1.000000E-10  1.000000E+01  1.139436E-05  5.221158E+04  1.088081E+06  8.377581E-11  9.252391E-13  4.239659E-02  1.104423E-02
  1.000000E+01  1.000000E-10  1.100000E+01  1.187607E-05  5.167658E+04  1.134081E+06  8.377581E-11  9.643549E-13  4.196216E-02  1.151114E-02
  1.000000E+01  1.000000E-10  1.200000E+01  1.234672E-05  5.111408E+04  1.179025E+06  8.377581E-11  1.002572E-12  4.150540E-02  1.196732E-02
  1.000000E+01  1.000000E-10  1.300000E+01  1.280594E-05  5.052461E+04  1.222877E+06  8.377581E-11  1.039862E-12  4.102674E-02  1.241243E-02
  1.000000E+01  1.000000E-10  1.400000E+01  1.325339E-05  4.990874E+04  1.265605E+06  8.377581E-11  1.076195E-12  4.052665E-02  1.284613E-02
  1.000000E+01  1.000000E-10  1.500000E+01  1.368875E-05  4.926704E+04  1.307179E+06  8.377581E-11  1.111547E-12  4.000558E-02  1.326811E-02
  1.000000E+01  1.000000E-10  1.600000E+01  1.411175E-05  4.860016E+04  1.347573E+06  8.377581E-11  1.145895E-12  3.946406E-02  1.367812E-02
  1.000000E+01  1.000000E-10  1.700000E+01  1.452215E-05  4.790874E+04  1.386763E+06  8.377581E-11  1.179220E-12  3.890261E-02  1.407590E-02
  1.000000E+01  1.000000E-10  1.800000E+01  1.491972E-05  4.719346E+04  1.424728E+06  8.377581E-11  1.211503E-12  3.832180E-02  1.446126E-02
  1.000000E+01  1.000000E-10  1.900000E+01  1.530428E-05  4.645506E+04  1.461451E+06  8.377581E-11  1.242731E-12  3.772220E-02  1.483401E-02
  1.000000E+01  1.000000E-10  2.000000E+01  1.567571E-05  4.569427E+04  1.496920E+06  8.377581E-11  1.272891E-12  3.710443E-02  1.519402E-02
  1.000000E+01  1.000000E-10  2.100000E+01  1.603388E-05  4.491187E+04  1.531123E+06  8.377581E-11  1.301975E-12  3.646911E-02  1.554118E-02
  1.000000E+01  1.000000E-10  2.200000E+01  1.637873E-05  4.410868E+04  1.564053E+06  8.377581E-11  1.329977E-12  3.581692E-02  1.587543E-02
  1.000000E+01  1.000000E-10  2.300000E+01  1.671024E-05  4.328555E+04  1.595710E+06  8.377581E-11  1.356896E-12  3.514852E-02  1.619676E-02
  1.000000E+01  1.000000E-10  2.400000E+01  1.702841E-05  4.244332E+04  1.626094E+06  8.377581E-11  1.382733E-12  3.446462E-02  1.650516E-02
  1.000000E+01  1.000000E-10  2.500000E+01  1.733332E-05  4.158291E+04  1.655210E+06  8.377581E-11  1.407491E-12  3.376595E-02  1.680069E-02
  1.000000E+01  1.000000E+00 -2.000000E+00  1.057138E+05  7.339913E+04  1.009493E+06  8.377581E-01  8.584121E-03  5.960119E-02  1.024654E-02
  1.000000E+01  1.000000E+00 -1.000000E+00  1.111391E+05  7.281368E+04  1.061300E+06  8.377581E-01  9.024661E-03  5.912580E-02  1.077239E-02
  1.000000E+01  1.000000E+00  0.000000E+00  1.164508E+05  7.218956E+04  1.112023E+06  8.377581E-01  9.455976E-03  5.861901E-02  1.128724E-02
  1.000000E+01  1.000000E+00  1.000000E+00  1.216491E+05  7.152788E+04  1.161663E+06  8.377581E-01  9.878089E-03  5.808172E-02  1.179110E-02
  1.000000E+01  1.000000E+00  2.000000E+00  1.267350E+05  7.083017E+04  1.210230E+06  8.377581E-01  1.029107E-02  5.751516E-02  1.228406E-02
  1.000000E+01  1.000000E+00  3.000000E+00  1.317097E+05  7.009792E+04  1.257735E+06  8.377581E-01  1.069503E-02  5.692057E-02  1.276625E-02
  1.000000E+01  1.000000E+00  4.000000E+00  1.365752E+05  6.933273E+04  1.304197E+06  8.377581E-01  1.109011E-02  5.629922E-02  1.323784E-02
  1.000000E+01  1.000000E+00  5.000000E+00  1.413336E+05  6.853623E+04  1.349636E+06  8.377581E-01  1.147650E-02  5.565245E-02  1.369906E-02
  1.000000E+01  1.000000E+00  6.000000E+00  1.459889E+05  6.771026E+04  1.394091E+06  8.377581E-01  1.185451E-02  5.498174E-02  1.415028E-02
  1.000000E+01  1.000000E+00  7.000000E+00  1.505451E+05  6.685672E+04  1.437600E+06  8.377581E-01  1.222449E-02  5.428866E-02  1.459191E-02
  1.000000E+01  1.000000E+00  8.000000E+00  1.550062E+05  6.597755E+04  1.480200E+06  8.377581E-01  1.258674E-02  5.357476E-02  1.502431E-02
  1.000000E+01  1.000000E+00  9.000000E+00  1.593764E+05  6.507463E+04  1.521932E+06  8.377581E-01  1.294160E-02  5.284157E-02  1.544790E-02
  1.000000E+01  1.000000E+00  1.000000E+01  1.636607E+05  6.415005E+04  1.562844E+06  8.377581E-01  1.328949E-02  5.209081E-02  1.586316E-02
  1.000000E+01  1.000000E+00  1.100000E+01  1.678644E+05  6.320598E+04  1.602987E+06  8.377581E-01  1.363084E-02  5.132420E-02  1.627062E-02
  1.000000E+01  1.000000E+00  1.200000E+01  1.719934E+05  6.224461E+04  1.642416E+06  8.377581E-01  1.396613E-02  5.054355E-02  1.667083E-02
  1.000000E+01  1.000000E+00  1.300000E+01  1.760574E+05  6.126854E+04  1.681225E+06  8.377581E-01  1.429613E-02  4.975098E-02  1.706475E-02
  1.000000E+01  1.000000E+00  1.400000E+01  1.800672E+05  6.028058E+04  1.719516E+06  8.377581E-01  1.462173E-02  4.894873E-02  1.745340E-02
  1.000000E+01  1.000000E+00  1.500000E+01  1.840366E+05  5.928389E+04  1.757420E+06  8.377581E-01  1.494404E-02  4.813941E-02  1.783814E-02
  1.000000E+01  1.000000E+00  1.600000E+01  1.879762E+05  5.828120E+04  1.795041E+06  8.377581E-01  1.526395E-02  4.732521E-02  1.822000E-02
  1.000000E+01  1.000000E+00  1.700000E+01  1.918819E+05  5.727391E+04  1.832338E+06  8.377581E-01  1.558110E-02  4.650728E-02  1.859857E-02
  1.000000E+01  1.000000E+00  1.800000E+01  1.957474E+05  5.626318E+04  1.869250E+06  8.377581E-01  1.589498E-02  4.568654E-02  1.897324E-02
  1.000000E+01  1.000000E+00  1.900000E+01  1.995782E+05  5.525142E+04  1.905831E+06  8.377581E-01  1.620605E-02  4.486498E-02  1.934455E-02
  1.000000E+01  1.000000E+00  2.000000E+01  2.033795E+05  5.424106E+04  1.942131E+06  8.377581E-01  1.651472E-02  4.404456E-02  1.971299E-02
  1.000000E+01  1.000000E+00  2.100000E+01  2.071564E+05  5.323455E+04  1.978198E+06  8.377581E-01  1.682141E-02  4.322725E-02  2.007908E-02
  1.000000E+01  1.000000E+00  2.200000E+01  2.109132E+05  5.223430E+04  2.014073E+06  8.377581E-01  1.712647E-02  4.241504E-02  2.044321E-02
  1.000000E+01  1.000000E+00  2.300000E+01  2.146525E+05  5.124263E+04  2.049780E+06  8.377581E-01  1.743010E-02  4.160978E-02  2.080566E-02
  1.000000E+01  1.000000E+00  2.400000E+01  2.183753E+05  5.026170E+04  2.085330E+06  8.377581E-01  1.773240E-02  4.081326E-02  2.116649E-02
  1.000000E+01  1.000000E+00  2.500000E+01  2.220803E+05  4.929353E+04  2.120711E+06  8.377581E-01  1.803325E-02  4.002709E-02  2.152561E-02
  1.000000E+01  2.000000E+00 -2.000000E+00  3.403760E+05  1.050770E+05  1.625176E+06  1.675516E+00  2.763904E-02  8.532414E-02  1.649584E-02
  1.000000E+01  2.000000E+00 -1.000000E+00  3.571022E+05  1.041845E+05  1.705037E+06  1.675516E+00  2.899723E-02  8.459937E-02  1.730645E-02
  1.000000E+01  2.000000E+00  0.000000E+00  3.737013E+05  1.032872E+05  1.784293E+06  1.675516E+00  3.034511E-02  8.387076E-02  1.811090E-02
  1.000000E+01  2.000000E+00  1.000000E+00  3.901704E+05  1.023887E+05  1.862927E+06  1.675516E+00  3.168242E-02  8.314119E-02  1.890905E-02
  1.000000E+01  2.000000E+00  2.000000E+00  4.065526E+05  1.014976E+05  1.941146E+06  1.675516E+00  3.301268E-02  8.241758E-02  1.970299E-02
  1.000000E+01  2.000000E+00  3.000000E+00  4.228180E+05  1.006147E+05  2.018808E+06  1.675516E+00  3.433346E-02  8.170066E-02  2.049127E-02
  1.000000E+01  2.000000E+00  4.000000E+00  4.388981E+05  9.973720E+04  2.095584E+06  1.675516E+00  3.563919E-02  8.098810E-02  2.127057E-02
  1.000000E+01  2.000000E+00  5.000000E+00  4.547457E+05  9.886444E+04  2.171251E+06  1.675516E+00  3.692603E-02  8.027940E-02  2.203860E-02
  1.000000E+01  2.000000E+00  6.000000E+00  4.703733E+05  9.799930E+04  2.245867E+06  1.675516E+00  3.819502E-02  7.957691E-02  2.279598E-02
  1.000000E+01  2.000000E+00  7.000000E+00  4.856740E+05  9.714053E+04  2.318923E+06  1.675516E+00  3.943746E-02  7.887957E-02  2.353750E-02
  1.000000E+01  2.000000E+00  8.000000E+00  5.006587E+05  9.628852E+04  2.390469E+06  1.675516E+00  4.065423E-02  7.818773E-02  2.426371E-02
  1.000000E+01  2.000000E+00  9.000000E+00  5.155014E+05  9.543965E+04  2.461338E+06  1.675516E+00  4.185949E-02  7.749843E-02  2.498304E-02
  1.000000E+01  2.000000E+00  1.000000E+01  5.306543E+05  9.455491E+04  2.533688E+06  1.675516E+00  4.308993E-02  7.678001E-02  2.571741E-02
  1.000000E+01  2.000000E+00  1.100000E+01  5.446775E+05  9.365202E+04  2.600644E+06  1.675516E+00  4.422863E-02  7.604685E-02  2.639702E-02
  1.000000E+01  2.000000E+00  1.200000E+01  5.581338E+05  9.274891E+04  2.664893E+06  1.675516E+00  4.532130E-02  7.531351E-02  2.704916E-02
  1.000000E+01  2.000000E+00  1.300000E+01  5.706217E+05  9.183085E+04  2.724518E+06  1.675516E+00  4.633534E-02  7.456803E-02  2.765437E-02
  1.000000E+01  2.000000E+00  1.400000E+01  5.821691E+05  9.088568E+04  2.779653E+06  1.675516E+00  4.727301E-02  7.380053E-02  2.821400E-02
  1.000000E+01  2.000000E+00  1.500000E+01  5.925126E+05  8.991702E+04  2.829039E+06  1.675516E+00  4.811291E-02  7.301398E-02  2.871528E-02
  1.000000E+01  2.000000E+00  1.600000E+01  6.014501E+05  8.888624E+04  2.871713E+06  1.675516E+00  4.883866E-02  7.217696E-02  2.914843E-02
  1.000000E+01  2.000000E+00  1.700000E+01  6.089048E+05  8.778784E+04  2.907306E+06  1.675516E+00  4.944399E-02  7.128505E-02  2.950970E-02
  1.000000E+01  2.000000E+00  1.800000E+01  6.151231E+05  8.664434E+04  2.936997E+06  1.675516E+00  4.994892E-02  7.035651E-02  2.981107E-02
  1.000000E+01  2.000000E+00  1.900000E+01  6.200056E+05  8.544769E+04  2.960309E+06  1.675516E+00  5.034538E-02  6.938481E-02  3.004769E-02
  1.000000E+01  2.000000E+00  2.000000E+01  6.234798E+05  8.419488E+04  2.976897E+06  1.675516E+00  5.062750E-02  6.836751E-02  3.021606E-02
  1.000000E+01  2.000000E+00  2.100000E+01  6.253925E+05  8.287273E+04  2.986029E+06  1.675516E+00  5.078281E-02  6.729390E-02  3.030876E-02
  1.000000E+01  2.000000E+00  2.200000E+01  6.254686E+05  8.144746E+04  2.986393E+06  1.675516E+00  5.078899E-02  6.613656E-02  3.031245E-02
  1.000000E+01  2.000000E+00  2.300000E+01  6.235751E+05  7.991442E+04  2.977352E+06  1.675516E+00  5.063524E-02  6.489171E-02  3.022068E-02
  1.000000E+01  2.000000E+00  2.400000E+01  6.195876E+05  7.823974E+04  2.958313E+06  1.675516E+00  5.031144E-02  6.353185E-02  3.002743E-02
  1.000000E+01  2.000000E+00  2.500000E+01  6.135294E+05  7.643271E+04  2.929387E+06  1.675516E+00  4.981951E-02  6.206451E-02  2.973383E-02
  1.000000E+01  3.000000E+00 -2.000000E+00  8.299669E+05  1.627821E+05  2.641867E+06  2.513274E+00  6.739456E-02  1.321815E-01  2.681544E-02
  1.000000E+01  3.000000E+00 -1.000000E+00  8.684434E+05  1.621688E+05  2.764341E+06  2.513274E+00  7.051890E-02  1.316835E-01  2.805858E-02
  1.000000E+01  3.000000E+00  0.000000E+00  9.082215E+05  1.615117E+05  2.890959E+06  2.513274E+00  7.374895E-02  1.311499E-01  2.934377E-02
  1.000000E+01  3.000000E+00  1.000000E+00  9.461440E+05  1.607621E+05  3.011670E+06  2.513274E+00  7.682832E-02  1.305412E-01  3.056901E-02
  1.000000E+01  3.000000E+00  2.000000E+00  9.821043E+05  1.599844E+05  3.126135E+06  2.513274E+00  7.974835E-02  1.299098E-01  3.173086E-02
  1.000000E+01  3.000000E+00  3.000000E+00  1.015437E+06  1.591603E+05  3.232236E+06  2.513274E+00  8.245499E-02  1.292405E-01  3.280780E-02
  1.000000E+01  3.000000E+00  4.000000E+00  1.045643E+06  1.582349E+05  3.328384E+06  2.513274E+00  8.490776E-02  1.284891E-01  3.378372E-02
  1.000000E+01  3.000000E+00  5.000000E+00  1.072171E+06  1.572010E+05  3.412828E+06  2.513274E+00  8.706193E-02  1.276496E-01  3.464084E-02
  1.000000E+01  3.000000E+00  6.000000E+00  1.095249E+06  1.560217E+05  3.486285E+06  2.513274E+00  8.893583E-02  1.266919E-01  3.538644E-02
  1.000000E+01  3.000000E+00  7.000000E+00  1.115128E+06  1.547012E+05  3.549564E+06  2.513274E+00  9.055010E-02  1.256197E-01  3.602874E-02
  1.000000E+01  3.000000E+00  8.000000E+00  1.131925E+06  1.532525E+05  3.603028E+06  2.513274E+00  9.191398E-02  1.244433E-01  3.657141E-02
  1.000000E+01  3.000000E+00  9.000000E+00  1.145301E+06  1.516618E+05  3.645607E+06  2.513274E+00  9.300018E-02  1.231517E-01  3.700360E-02
  1.000000E+01  3.000000E+00  1.000000E+01  1.154993E+06  1.499289E+05  3.676458E+06  2.513274E+00  9.378719E-02  1.217445E-01  3.731674E-02
  1.000000E+01  3.000000E+00  1.100000E+01  1.160815E+06  1.479967E+05  3.694988E+06  2.513274E+00  9.425990E-02  1.201756E-01  3.750483E-02
  1.000000E+01  3.000000E+00  1.200000E+01  1.162151E+06  1.457731E+05  3.699241E+06  2.513274E+00  9.436839E-02  1.183699E-01  3.754799E-02
  1.000000E+01  3.000000E+00  1.300000E+01  1.158552E+06  1.432075E+05  3.687786E+06  2.513274E+00  9.407616E-02  1.162866E-01  3.743172E-02
  1.000000E+01  3.000000E+00  1.400000E+01  1.149705E+06  1.402108E+05  3.659624E+06  2.513274E+00  9.335776E-02  1.138533E-01  3.714587E-02
  1.000000E+01  3.000000E+00  1.500000E+01  1.135335E+06  1.367175E+05  3.613885E+06  2.513274E+00  9.219094E-02  1.110167E-01  3.668161E-02
  1.000000E+01  3.000000E+00  1.600000E+01  1.115685E+06  1.328208E+05  3.551335E+06  2.513274E+00  9.059527E-02  1.078525E-01  3.604671E-02
  1.000000E+01  3.000000E+00  1.700000E+01  1.090923E+06  1.285770E+05  3.472517E+06  2.513274E+00  8.858460E-02  1.044065E-01  3.524669E-02
  1.000000E+01  3.000000E+00  1.800000E+01  1.061410E+06  1.239982E+05  3.378574E+06  2.513274E+00  8.618810E-02  1.006884E-01  3.429316E-02
  1.000000E+01  3.000000E+00  1.900000E+01  1.027005E+06  1.190531E+05  3.269057E+06  2.513274E+00  8.339431E-02  9.667294E-02  3.318154E-02
  1.000000E+01  3.000000E+00  2.000000E+01  9.872247E+05  1.136707E+05  3.142434E+06  2.513274E+00  8.016413E-02  9.230234E-02  3.189629E-02
  1.000000E+01  3.000000E+00  2.100000E+01  9.440398E+05  1.080780E+05  3.004972E+06  2.513274E+00  7.665745E-02  8.776098E-02  3.050103E-02
  1.000000E+01  3.000000E+00  2.200000E+01  8.979127E+05  1.023730E+05  2.858145E+06  2.513274E+00  7.291186E-02  8.312841E-02  2.901071E-02
  1.000000E+01  3.000000E+00  2.300000E+01  8.428646E+05  9.587350E+04  2.682921E+06  2.513274E+00  6.844187E-02  7.785072E-02  2.723216E-02
  1.000000E+01  3.000000E+00  2.400000E+01  7.838124E+05  8.907305E+04  2.494952E+06  2.513274E+00  6.364674E-02  7.232866E-02  2.532423E-02
  1.000000E+01  3.000000E+00  2.500000E+01  7.202983E+05  8.190944E+04  2.292781E+06  2.513274E+00  5.848930E-02  6.651169E-02  2.327215E-02
  1.000000E+01  4.000000E+00 -2.000000E+00  1.625524E+06  2.492578E+05  3.880654E+06  3.351032E+00  1.319950E-01  2.024011E-01  3.938936E-02
  1.000000E+01  4.000000E+00 -1.000000E+00  1.680846E+06  2.481198E+05  4.012723E+06  3.351032E+00  1.364872E-01  2.014770E-01  4.072989E-02
  1.000000E+01  4.000000E+00  0.000000E+00  1.729277E+06  2.468440E+05  4.128344E+06  3.351032E+00  1.404199E-01  2.004411E-01  4.190347E-02
  1.000000E+01  4.000000E+00  1.000000E+00  1.771943E+06  2.453247E+05  4.230201E+06  3.351032E+00  1.438844E-01  1.992074E-01  4.293733E-02
  1.000000E+01  4.000000E+00  2.000000E+00  1.807775E+06  2.435697E+05  4.315746E+06  3.351032E+00  1.467941E-01  1.977822E-01  4.380563E-02
  1.000000E+01  4.000000E+00  3.000000E+00  1.836363E+06  2.415941E+05  4.383993E+06  3.351032E+00  1.491154E-01  1.961780E-01  4.449835E-02
  1.000000E+01  4.000000E+00  4.000000E+00  1.857114E+06  2.391954E+05  4.433532E+06  3.351032E+00  1.508004E-01  1.942303E-01  4.500118E-02
  1.000000E+01  4.000000E+00  5.000000E+00  1.869923E+06  2.363088E+05  4.464114E+06  3.351032E+00  1.518406E-01  1.918863E-01  4.531159E-02
  1.000000E+01  4.000000E+00  6.000000E+00  1.873946E+06  2.328064E+05  4.473717E+06  3.351032E+00  1.521672E-01  1.890423E-01  4.540906E-02
  1.000000E+01  4.000000E+00  7.000000E+00  1.867880E+06  2.283031E+05  4.459235E+06  3.351032E+00  1.516746E-01  1.853855E-01  4.526206E-02
  1.000000E+01  4.000000E+00  8.000000E+00  1.851400E+06  2.231310E+05  4.419891E+06  3.351032E+00  1.503364E-01  1.811857E-01  4.486272E-02
  1.000000E+01  4.000000E+00  9.000000E+00  1.824698E+06  2.172670E+05  4.356145E+06  3.351032E+00  1.481682E-01  1.764241E-01  4.421569E-02
  1.000000E+01  4.000000E+00  1.000000E+01  1.787859E+06  2.106521E+05  4.268199E+06  3.351032E+00  1.451768E-01  1.710527E-01  4.332302E-02
  1.000000E+01  4.000000E+00  1.100000E+01  1.740408E+06  2.031584E+05  4.154919E+06  3.351032E+00  1.413238E-01  1.649677E-01  4.217321E-02
  1.000000E+01  4.000000E+00  1.200000E+01  1.684032E+06  1.949690E+05  4.020331E+06  3.351032E+00  1.367460E-01  1.583178E-01  4.080711E-02
  1.000000E+01  4.000000E+00  1.300000E+01  1.624538E+06  1.867364E+05  3.878299E+06  3.351032E+00  1.319149E-01  1.516327E-01  3.936546E-02
  1.000000E+01  4.000000E+00  1.400000E+01  1.552669E+06  1.774303E+05  3.706725E+06  3.351032E+00  1.260791E-01  1.440760E-01  3.762395E-02
  1.000000E+01  4.000000E+00  1.500000E+01  1.470813E+06  1.672428E+05  3.511306E+06  3.351032E+00  1.194322E-01  1.358037E-01  3.564042E-02
  1.000000E+01  4.000000E+00  1.600000E+01  1.381932E+06  1.565172E+05  3.299119E+06  3.351032E+00  1.122149E-01  1.270943E-01  3.348667E-02
  1.000000E+01  4.000000E+00  1.700000E+01  1.284974E+06  1.451359E+05  3.067649E+06  3.351032E+00  1.043418E-01  1.178525E-01  3.113721E-02
  1.000000E+01  4.000000E+00  1.800000E+01  1.179595E+06  1.330341E+05  2.816076E+06  3.351032E+00  9.578490E-02  1.080257E-01  2.858370E-02
  1.000000E+01  4.000000E+00  1.900000E+01  1.069375E+06  1.205944E+05  2.552945E+06  3.351032E+00  8.683486E-02  9.792447E-02  2.591287E-02
  1.000000E+01  4.000000E+00  2.000000E+01  9.544342E+05  1.078344E+05  2.278544E+06  3.351032E+00  7.750149E-02  8.756315E-02  2.312765E-02
  1.000000E+01  4.000000E+00  2.100000E+01  8.338341E+05  9.465426E+04  1.990632E+06  3.351032E+00  6.770858E-02  7.686067E-02  2.020529E-02
  1.000000E+01  4.000000E+00  2.200000E+01  7.093268E+05  8.127546E+04  1.693393E+06  3.351032E+00  5.759840E-02  6.599689E-02  1.718826E-02
  1.000000E+01  4.000000E+00  2.300000E+01  5.786736E+05  6.741388E+04  1.381482E+06  3.351032E+00  4.698917E-02  5.474108E-02  1.402230E-02
  1.000000E+01  4.000000E+00  2.400000E+01  4.437693E+05  5.332238E+04  1.059421E+06  3.351032E+00  3.603474E-02  4.329857E-02  1.075333E-02
  1.000000E+01  4.000000E+00  2.500000E+01  3.034847E+05  3.883314E+04  7.245163E+05  3.351032E+00  2.464341E-02  3.153309E-02  7.353976E-03
  1.000000E+01  5.000000E+00 -2.000000E+00  2.605169E+06  3.593813E+05  4.975507E+06  4.188790E+00  2.115437E-01  2.918230E-01  5.050233E-02
  1.000000E+01  5.000000E+00 -1.000000E+00  2.656590E+06  3.568040E+05  5.073714E+06  4.188790E+00  2.157191E-01  2.897303E-01  5.149915E-02
  1.000000E+01  5.000000E+00  0.000000E+00  2.694730E+06  3.533734E+05  5.146556E+06  4.188790E+00  2.188161E-01  2.869445E-01  5.223851E-02
  1.000000E+01  5.000000E+00  1.000000E+00  2.718353E+06  3.485445E+05  5.191672E+06  4.188790E+00  2.207343E-01  2.830234E-01  5.269644E-02
  1.000000E+01  5.000000E+00  2.000000E+00  2.726849E+06  3.427349E+05  5.207897E+06  4.188790E+00  2.214242E-01  2.783059E-01  5.286113E-02
  1.000000E+01  5.000000E+00  3.000000E+00  2.719195E+06  3.362039E+05  5.193279E+06  4.188790E+00  2.208027E-01  2.730026E-01  5.271276E-02
  1.000000E+01  5.000000E+00  4.000000E+00  2.693618E+06  3.283432E+05  5.144431E+06  4.188790E+00  2.187258E-01  2.666196E-01  5.221694E-02
  1.000000E+01  5.000000E+00  5.000000E+00  2.648619E+06  3.188927E+05  5.058490E+06  4.188790E+00  2.150718E-01  2.589457E-01  5.134462E-02
  1.000000E+01  5.000000E+00  6.000000E+00  2.593284E+06  3.089057E+05  4.952808E+06  4.188790E+00  2.105786E-01  2.508361E-01  5.027193E-02
  1.000000E+01  5.000000E+00  7.000000E+00  2.517557E+06  2.971695E+05  4.808180E+06  4.188790E+00  2.044294E-01  2.413061E-01  4.880393E-02
  1.000000E+01  5.000000E+00  8.000000E+00  2.423232E+06  2.837283E+05  4.628031E+06  4.188790E+00  1.967700E-01  2.303916E-01  4.697539E-02
  1.000000E+01  5.000000E+00  9.000000E+00  2.317807E+06  2.693550E+05  4.426685E+06  4.188790E+00  1.882094E-01  2.187203E-01  4.493168E-02
  1.000000E+01  5.000000E+00  1.000000E+01  2.203938E+06  2.543007E+05  4.209212E+06  4.188790E+00  1.789631E-01  2.064960E-01  4.272429E-02
  1.000000E+01  5.000000E+00  1.100000E+01  2.079484E+06  2.383197E+05  3.971523E+06  4.188790E+00  1.688572E-01  1.935192E-01  4.031170E-02
  1.000000E+01  5.000000E+00  1.200000E+01  1.943762E+06  2.213895E+05  3.712311E+06  4.188790E+00  1.578363E-01  1.797716E-01  3.768065E-02
  1.000000E+01  5.000000E+00  1.300000E+01  1.798085E+06  2.037726E+05  3.434089E+06  4.188790E+00  1.460072E-01  1.654664E-01  3.485664E-02
  1.000000E+01  5.000000E+00  1.400000E+01  1.641497E+06  1.853321E+05  3.135028E+06  4.188790E+00  1.332920E-01  1.504924E-01  3.182112E-02
  1.000000E+01  5.000000E+00  1.500000E+01  1.476355E+06  1.663610E+05  2.819630E+06  4.188790E+00  1.198822E-01  1.350876E-01  2.861977E-02
  1.000000E+01  5.000000E+00  1.600000E+01  1.301536E+06  1.467458E+05  2.485750E+06  4.188790E+00  1.056866E-01  1.191598E-01  2.523083E-02
  1.000000E+01  5.000000E+00  1.700000E+01  1.118785E+06  1.266456E+05  2.136722E+06  4.188790E+00  9.084700E-02  1.028381E-01  2.168812E-02
  1.000000E+01  5.000000E+00  1.800000E+01  9.283501E+05  1.062007E+05  1.773018E+06  4.188790E+00  7.538342E-02  8.623660E-02  1.799647E-02
  1.000000E+01  5.000000E+00  1.900000E+01  7.277582E+05  8.498704E+04  1.389916E+06  4.188790E+00  5.909506E-02  6.901076E-02  1.410791E-02
  1.000000E+01  5.000000E+00  2.000000E+01  5.197985E+05  6.333796E+04  9.927419E+05  4.188790E+00  4.220842E-02  5.143137E-02  1.007652E-02
  1.000000E+01  5.000000E+00  2.100000E+01  3.069953E+05  4.152418E+04  5.863178E+05  4.188790E+00  2.492848E-02  3.371826E-02  5.951236E-03
  1.000000E+01  5.000000E+00  2.200000E+01  8.780373E+04  1.929372E+04  1.676928E+05  4.188790E+00  7.129795E-03  1.566679E-02  1.702113E-03
  1.000000E+01  5.000000E+00  2.300000E+01 -1.378201E+05 -3.382289E+03 -2.632169E+05  4.188790E+00 -1.119120E-02 -2.746470E-03 -2.671701E-03
  1.000000E+01  5.000000E+00  2.400000E+01 -3.698889E+05 -2.642708E+04 -7.064358E+05  4.188790E+00 -3.003553E-02 -2.145919E-02 -7.170456E-03
  1.000000E+01  5.000000E+00  2.500000E+01 -6.092480E+05 -4.986392E+04 -1.163578E+06  4.188790E+00 -4.947186E-02 -4.049025E-02 -1.181054E-02
  1.000000E+01  6.000000E+00 -2.000000E+00  3.647393E+06  4.852761E+05  5.805007E+06  5.026548E+00  2.961738E-01  3.940515E-01  5.892190E-02
  1.000000E+01  6.000000E+00 -1.000000E+00  3.667360E+06  4.777496E+05  5.836784E+06  5.026548E+00  2.977951E-01  3.879398E-01  5.924445E-02
  1.000000E+01  6.000000E+00  0.000000E+00  3.663824E+06  4.688039E+05  5.831156E+06  5.026548E+00  2.975080E-01  3.806758E-01  5.918733E-02
  1.000000E+01  6.000000E+00  1.000000E+00  3.634820E+06  4.580911E+05  5.784995E+06  5.026548E+00  2.951528E-01  3.719769E-01  5.871879E-02
  1.000000E+01  6.000000E+00  2.000000E+00  3.567683E+06  4.438127E+05  5.678144E+06  5.026548E+00  2.897012E-01  3.603825E-01  5.763423E-02
  1.000000E+01  6.000000E+00  3.000000E+00  3.475459E+06  4.273015E+05  5.531364E+06  5.026548E+00  2.822125E-01  3.469752E-01  5.614439E-02
  1.000000E+01  6.000000E+00  4.000000E+00  3.366226E+06  4.094008E+05  5.357514E+06  5.026548E+00  2.733425E-01  3.324396E-01  5.437977E-02
  1.000000E+01  6.000000E+00  5.000000E+00  3.237784E+06  3.897523E+05  5.153093E+06  5.026548E+00  2.629129E-01  3.164847E-01  5.230486E-02
  1.000000E+01  6.000000E+00  6.000000E+00  3.095457E+06  3.689008E+05  4.926573E+06  5.026548E+00  2.513558E-01  2.995530E-01  5.000564E-02
  1.000000E+01  6.000000E+00  7.000000E+00  2.943917E+06  3.473317E+05  4.685389E+06  5.026548E+00  2.390504E-01  2.820386E-01  4.755757E-02
  1.000000E+01  6.000000E+00  8.000000E+00  2.778545E+06  3.244935E+05  4.422191E+06  5.026548E+00  2.256220E-01  2.634936E-01  4.488607E-02
  1.000000E+01  6.000000E+00  9.000000E+00  2.601618E+06  3.008600E+05  4.140604E+06  5.026548E+00  2.112553E-01  2.443028E-01  4.202791E-02
  1.000000E+01  6.000000E+00  1.000000E+01  2.406534E+06  2.760175E+05  3.830118E+06  5.026548E+00  1.954142E-01  2.241304E-01  3.887642E-02
  1.000000E+01  6.000000E+00  1.100000E+01  2.189587E+06  2.495611E+05  3.484837E+06  5.026548E+00  1.777978E-01  2.026473E-01  3.537174E-02
  1.000000E+01  6.000000E+00  1.200000E+01  1.958270E+06  2.223688E+05  3.116683E+06  5.026548E+00  1.590144E-01  1.805668E-01  3.163492E-02
  1.000000E+01  6.000000E+00  1.300000E+01  1.712422E+06  1.942134E+05  2.725405E+06  5.026548E+00  1.390513E-01  1.577042E-01  2.766337E-02
  1.000000E+01  6.000000E+00  1.400000E+01  1.456237E+06  1.655770E+05  2.317673E+06  5.026548E+00  1.182486E-01  1.344510E-01  2.352481E-02
  1.000000E+01  6.000000E+00  1.500000E+01  1.192123E+06  1.367255E+05  1.897323E+06  5.026548E+00  9.680221E-02  1.110231E-01  1.925819E-02
  1.000000E+01  6.000000E+00  1.600000E+01  9.187551E+05  1.076848E+05  1.462244E+06  5.026548E+00  7.460430E-02  8.744169E-02  1.484205E-02
  1.000000E+01  6.000000E+00  1.700000E+01  6.294961E+05  7.749211E+04  1.001874E+06  5.026548E+00  5.111603E-02  6.292476E-02  1.016921E-02
  1.000000E+01  6.000000E+00  1.800000E+01  3.279346E+05  4.659502E+04  5.219240E+05  5.026548E+00  2.662878E-02  3.783586E-02  5.297627E-03
  1.000000E+01  6.000000E+00  1.900000E+01  1.779800E+04  1.526924E+04  2.832640E+04  5.026548E+00  1.445224E-03  1.239885E-02  2.875182E-04
  1.000000E+01  6.000000E+00  2.000000E+01 -3.006655E+05 -1.648826E+04 -4.785240E+05  5.026548E+00 -2.441449E-02 -1.338871E-02 -4.857108E-03
  1.000000E+01  6.000000E+00  2.100000E+01 -6.289893E+05 -4.880933E+04 -1.001068E+06  5.026548E+00 -5.107487E-02 -3.963391E-02 -1.016102E-02
  1.000000E+01  6.000000E+00  2.200000E+01 -9.701730E+05 -8.191425E+04 -1.544078E+06  5.026548E+00 -7.877950E-02 -6.651560E-02 -1.567268E-02
  1.000000E+01  6.000000E+00  2.300000E+01 -1.321369E+06 -1.154269E+05 -2.103025E+06  5.026548E+00 -1.072972E-01 -9.372836E-02 -2.134609E-02
  1.000000E+01  6.000000E+00  2.400000E+01 -1.672429E+06 -1.482582E+05 -2.661754E+06  5.026548E+00 -1.358038E-01 -1.203878E-01 -2.701730E-02
  1.000000E+01  6.000000E+00  2.500000E+01 -2.006998E+06 -1.788655E+05 -3.194236E+06  5.026548E+00 -1.629712E-01 -1.452415E-01 -3.242210E-02
  1.000000E+01  7.000000E+00 -2.000000E+00  4.587188E+06  6.185315E+05  6.257774E+06  5.864306E+00  3.724866E-01  5.022569E-01  6.351759E-02
  1.000000E+01  7.000000E+00 -1.000000E+00  4.532222E+06  6.006324E+05  6.182790E+06  5.864306E+00  3.680232E-01  4.877226E-01  6.275647E-02
  1.000000E+01  7.000000E+00  0.000000E+00  4.441770E+06  5.794033E+05  6.059397E+06  5.864306E+00  3.606784E-01  4.704842E-01  6.150401E-02
  1.000000E+01  7.000000E+00  1.000000E+00  4.325668E+06  5.559062E+05  5.901012E+06  5.864306E+00  3.512507E-01  4.514042E-01  5.989638E-02
  1.000000E+01  7.000000E+00  2.000000E+00  4.192456E+06  5.310410E+05  5.719287E+06  5.864306E+00  3.404337E-01  4.312133E-01  5.805183E-02
  1.000000E+01  7.000000E+00  3.000000E+00  4.038019E+06  5.043331E+05  5.508606E+06  5.864306E+00  3.278932E-01  4.095261E-01  5.591339E-02
  1.000000E+01  7.000000E+00  4.000000E+00  3.864870E+06  4.759024E+05  5.272398E+06  5.864306E+00  3.138332E-01  3.864399E-01  5.351583E-02
  1.000000E+01  7.000000E+00  5.000000E+00  3.674385E+06  4.460120E+05  5.012542E+06  5.864306E+00  2.983656E-01  3.621685E-01  5.087824E-02
  1.000000E+01  7.000000E+00  6.000000E+00  3.469508E+06  4.151393E+05  4.733052E+06  5.864306E+00  2.817293E-01  3.370993E-01  4.804137E-02
  1.000000E+01  7.000000E+00  7.000000E+00  3.243653E+06  3.830180E+05  4.424944E+06  5.864306E+00  2.633895E-01  3.110164E-01  4.491401E-02
  1.000000E+01  7.000000E+00  8.000000E+00  2.982718E+06  3.483505E+05  4.068980E+06  5.864306E+00  2.422012E-01  2.828659E-01  4.130091E-02
  1.000000E+01  7.000000E+00  9.000000E+00  2.695569E+06  3.121197E+05  3.677256E+06  5.864306E+00  2.188843E-01  2.534459E-01  3.732483E-02
  1.000000E+01  7.000000E+00  1.000000E+01  2.393010E+06  2.755075E+05  3.264508E+06  5.864306E+00  1.943160E-01  2.237163E-01  3.313537E-02
  1.000000E+01  7.000000E+00  1.100000E+01  2.072876E+06  2.379424E+05  2.827787E+06  5.864306E+00  1.683207E-01  1.932128E-01  2.870257E-02
  1.000000E+01  7.000000E+00  1.200000E+01  1.737406E+06  1.997907E+05  2.370144E+06  5.864306E+00  1.410800E-01  1.622330E-01  2.405740E-02
  1.000000E+01  7.000000E+00  1.300000E+01  1.388250E+06  1.612497E+05  1.893830E+06  5.864306E+00  1.127280E-01  1.309371E-01  1.922273E-02
  1.000000E+01  7.000000E+00  1.400000E+01  1.024539E+06  1.222624E+05  1.397661E+06  5.864306E+00  8.319413E-02  9.927890E-02  1.418653E-02
  1.000000E+01  7.000000E+00  1.500000E+01  6.416812E+05  8.231020E+04  8.753719E+05  5.864306E+00  5.210548E-02  6.683712E-02  8.885190E-03
  1.000000E+01  7.000000E+00  1.600000E+01  2.380661E+05  4.116625E+04  3.247662E+05  5.864306E+00  1.933132E-02  3.342761E-02  3.296438E-03
  1.000000E+01  7.000000E+00  1.700000E+01 -1.797989E+05 -7.030195E+02 -2.452790E+05  5.864306E+00 -1.459994E-02 -5.708624E-04 -2.489628E-03
  1.000000E+01  7.000000E+00  1.800000E+01 -6.100293E+05 -4.317820E+04 -8.321930E+05  5.864306E+00 -4.953530E-02 -3.506134E-02 -8.446915E-03
  1.000000E+01  7.000000E+00  1.900000E+01 -1.057608E+06 -8.671745E+04 -1.442773E+06  5.864306E+00 -8.587934E-02 -7.041587E-02 -1.464442E-02
  1.000000E+01  7.000000E+00  2.000000E+01 -1.522982E+06 -1.312981E+05 -2.077629E+06  5.864306E+00 -1.236684E-01 -1.066160E-01 -2.108832E-02
  1.000000E+01  7.000000E+00  2.100000E+01 -2.002879E+06 -1.764005E+05 -2.732299E+06  5.864306E+00 -1.626368E-01 -1.432398E-01 -2.773334E-02
  1.000000E+01  7.000000E+00  2.200000E+01 -2.485111E+06 -2.206247E+05 -3.390151E+06  5.864306E+00 -2.017947E-01 -1.791506E-01 -3.441067E-02
  1.000000E+01  7.000000E+00  2.300000E+01 -2.945743E+06 -2.618355E+05 -4.018539E+06  5.864306E+00 -2.391988E-01 -2.126144E-01 -4.078893E-02
  1.000000E+01  7.000000E+00  2.400000E+01 -3.368637E+06 -2.986052E+05 -4.595445E+06  5.864306E+00 -2.735384E-01 -2.424719E-01 -4.664462E-02
  1.000000E+01  7.000000E+00  2.500000E+01 -3.749652E+06 -3.308439E+05 -5.115220E+06  5.864306E+00 -3.044773E-01 -2.686502E-01 -5.192044E-02
  1.000000E+01  8.000000E+00 -2.000000E+00  5.259256E+06  7.407326E+05  6.277774E+06  6.702065E+00  4.270594E-01  6.014860E-01  6.372058E-02
  1.000000E+01  8.000000E+00 -1.000000E+00  5.159909E+06  7.114811E+05  6.159187E+06  6.702065E+00  4.189923E-01  5.777334E-01  6.251691E-02
  1.000000E+01  8.000000E+00  0.000000E+00  5.033565E+06  6.798756E+05  6.008375E+06  6.702065E+00  4.087330E-01  5.520692E-01  6.098613E-02
  1.000000E+01  8.000000E+00  1.000000E+00  4.881096E+06  6.459008E+05  5.826379E+06  6.702065E+00  3.963523E-01  5.244811E-01  5.913884E-02
  1.000000E+01  8.000000E+00  2.000000E+00  4.697659E+06  6.092228E+05  5.607417E+06  6.702065E+00  3.814569E-01  4.946980E-01  5.691633E-02
  1.000000E+01  8.000000E+00  3.000000E+00  4.488980E+06  5.707397E+05  5.358326E+06  6.702065E+00  3.645119E-01  4.634492E-01  5.438801E-02
  1.000000E+01  8.000000E+00  4.000000E+00  4.257622E+06  5.309534E+05  5.082161E+06  6.702065E+00  3.457253E-01  4.311422E-01  5.158489E-02
  1.000000E+01  8.000000E+00  5.000000E+00  4.000142E+06  4.897861E+05  4.774818E+06  6.702065E+00  3.248175E-01  3.977137E-01  4.846530E-02
  1.000000E+01  8.000000E+00  6.000000E+00  3.702435E+06  4.460385E+05  4.419456E+06  6.702065E+00  3.006433E-01  3.621900E-01  4.485831E-02
  1.000000E+01  8.000000E+00  7.000000E+00  3.366547E+06  4.002801E+05  4.018519E+06  6.702065E+00  2.733686E-01  3.250334E-01  4.078872E-02
  1.000000E+01  8.000000E+00  8.000000E+00  3.001368E+06  3.532393E+05  3.582619E+06  6.702065E+00  2.437156E-01  2.868356E-01  3.636425E-02
  1.000000E+01  8.000000E+00  9.000000E+00  2.613386E+06  3.054630E+05  3.119499E+06  6.702065E+00  2.122108E-01  2.480406E-01  3.166350E-02
  1.000000E+01  8.000000E+00  1.000000E+01  2.203589E+06  2.570184E+05  2.630341E+06  6.702065E+00  1.789348E-01  2.087028E-01  2.669846E-02
  1.000000E+01  8.000000E+00  1.100000E+01  1.772720E+06  2.079842E+05  2.116028E+06  6.702065E+00  1.439475E-01  1.688863E-01  2.147808E-02
  1.000000E+01  8.000000E+00  1.200000E+01  1.322286E+06  1.585176E+05  1.578362E+06  6.702065E+00  1.073716E-01  1.287187E-01  1.602067E-02
  1.000000E+01  8.000000E+00  1.300000E+01  8.505331E+05  1.084831E+05  1.015249E+06  6.702065E+00  6.906457E-02  8.808990E-02  1.030497E-02
  1.000000E+01  8.000000E+00  1.400000E+01  3.491254E+05  5.692781E+04  4.167377E+05  6.702065E+00  2.834950E-02  4.622624E-02  4.229966E-03
  1.000000E+01  8.000000E+00  1.500000E+01 -1.821015E+05  3.675725E+03 -2.173676E+05  6.702065E+00 -1.478691E-02  2.984744E-03 -2.206322E-03
  1.000000E+01  8.000000E+00  1.600000E+01 -7.332956E+05 -5.059178E+04 -8.753072E+05  6.702065E+00 -5.954470E-02 -4.108128E-02 -8.884532E-03
  1.000000E+01  8.000000E+00  1.700000E+01 -1.313646E+06 -1.067689E+05 -1.568049E+06  6.702065E+00 -1.066700E-01 -8.669794E-02 -1.591599E-02
  1.000000E+01  8.000000E+00  1.800000E+01 -1.916337E+06 -1.642342E+05 -2.287459E+06  6.702065E+00 -1.556095E-01 -1.333607E-01 -2.321814E-02
  1.000000E+01  8.000000E+00  1.900000E+01 -2.537240E+06 -2.222959E+05 -3.028608E+06  6.702065E+00 -2.060277E-01 -1.805076E-01 -3.074094E-02
  1.000000E+01  8.000000E+00  2.000000E+01 -3.170839E+06 -2.800947E+05 -3.784911E+06  6.702065E+00 -2.574769E-01 -2.274411E-01 -3.841755E-02
  1.000000E+01  8.000000E+00  2.100000E+01 -3.797145E+06 -3.355617E+05 -4.532508E+06  6.702065E+00 -3.083339E-01 -2.724811E-01 -4.600581E-02
  1.000000E+01  8.000000E+00  2.200000E+01 -4.375953E+06 -3.849161E+05 -5.223409E+06  6.702065E+00 -3.553339E-01 -3.125576E-01 -5.301858E-02
  1.000000E+01  8.000000E+00  2.300000E+01 -4.886369E+06 -4.264100E+05 -5.832673E+06  6.702065E+00 -3.967805E-01 -3.462513E-01 -5.920272E-02
  1.000000E+01  8.000000E+00  2.400000E+01 -5.343058E+06 -4.615364E+05 -6.377805E+06  6.702065E+00 -4.338643E-01 -3.747745E-01 -6.473592E-02
  1.000000E+01  8.000000E+00  2.500000E+01 -5.512262E+06 -4.245536E+05 -6.579778E+06  6.702065E+00 -4.476039E-01 -3.447439E-01 -6.678598E-02
  1.000000E+01  9.000000E+00 -2.000000E+00  5.719720E+06  8.559355E+05  6.068811E+06  7.539823E+00  4.644498E-01  6.950325E-01  6.159957E-02
  1.000000E+01  9.000000E+00 -1.000000E+00  5.620138E+06  8.145244E+05  5.963152E+06  7.539823E+00  4.563636E-01  6.614060E-01  6.052711E-02
  1.000000E+01  9.000000E+00  0.000000E+00  5.481152E+06  7.708966E+05  5.815682E+06  7.539823E+00  4.450777E-01  6.259797E-01  5.903026E-02
  1.000000E+01  9.000000E+00  1.000000E+00  5.299944E+06  7.244391E+05  5.623415E+06  7.539823E+00  4.303634E-01  5.882554E-01  5.707871E-02
  1.000000E+01  9.000000E+00  2.000000E+00  5.081612E+06  6.761459E+05  5.391757E+06  7.539823E+00  4.126345E-01  5.490406E-01  5.472735E-02
  1.000000E+01  9.000000E+00  3.000000E+00  4.828706E+06  6.260021E+05  5.123417E+06  7.539823E+00  3.920982E-01  5.083231E-01  5.200364E-02
  1.000000E+01  9.000000E+00  4.000000E+00  4.536212E+06  5.739801E+05  4.813070E+06  7.539823E+00  3.683472E-01  4.660805E-01  4.885356E-02
  1.000000E+01  9.000000E+00  5.000000E+00  4.187393E+06  5.191033E+05  4.442962E+06  7.539823E+00  3.400226E-01  4.215196E-01  4.509690E-02
  1.000000E+01  9.000000E+00  6.000000E+00  3.788971E+06  4.619464E+05  4.020223E+06  7.539823E+00  3.076701E-01  3.751075E-01  4.080601E-02
  1.000000E+01  9.000000E+00  7.000000E+00  3.354090E+06  4.036117E+05  3.558799E+06  7.539823E+00  2.723571E-01  3.277388E-01  3.612248E-02
  1.000000E+01  9.000000E+00  8.000000E+00  2.888257E+06  3.445059E+05  3.064536E+06  7.539823E+00  2.345308E-01  2.797440E-01  3.110561E-02
  1.000000E+01  9.000000E+00  9.000000E+00  2.392108E+06  2.846868E+05  2.538105E+06  7.539823E+00  1.942427E-01  2.311700E-01  2.576224E-02
  1.000000E+01  9.000000E+00  1.000000E+01  1.866519E+06  2.242084E+05  1.980438E+06  7.539823E+00  1.515642E-01  1.820606E-01  2.010182E-02
  1.000000E+01  9.000000E+00  1.100000E+01  1.311660E+06  1.630763E+05  1.391714E+06  7.539823E+00  1.065087E-01  1.324204E-01  1.412616E-02
  1.000000E+01  9.000000E+00  1.200000E+01  7.263026E+05  1.013040E+05  7.706310E+05  7.539823E+00  5.897686E-02  8.226039E-02  7.822050E-03
  1.000000E+01  9.000000E+00  1.300000E+01  9.555056E+04  3.704274E+04  1.013823E+05  7.539823E+00  7.758849E-03  3.007926E-02  1.029049E-03
  1.000000E+01  9.000000E+00  1.400000E+01 -5.793304E+05 -2.977795E+04 -6.146886E+05  7.539823E+00 -4.704249E-02 -2.418014E-02 -6.239205E-03
  1.000000E+01  9.000000E+00  1.500000E+01 -1.298406E+06 -9.970330E+04 -1.377652E+06  7.539823E+00 -1.054325E-01 -8.096057E-02 -1.398342E-02
  1.000000E+01  9.000000E+00  1.600000E+01 -2.044551E+06 -1.710322E+05 -2.169336E+06  7.539823E+00 -1.660206E-01 -1.388807E-01 -2.201916E-02
  1.000000E+01  9.000000E+00  1.700000E+01 -2.814079E+06 -2.431411E+05 -2.985830E+06  7.539823E+00 -2.285074E-01 -1.974342E-01 -3.030674E-02
  1.000000E+01  9.000000E+00  1.800000E+01 -3.604235E+06 -3.154508E+05 -3.824212E+06  7.539823E+00 -2.926693E-01 -2.561508E-01 -3.881647E-02
  1.000000E+01  9.000000E+00  1.900000E+01 -4.404770E+06 -3.862536E+05 -4.673606E+06  7.539823E+00 -3.576739E-01 -3.136437E-01 -4.743797E-02
  1.000000E+01  9.000000E+00  2.000000E+01 -5.176972E+06 -4.516705E+05 -5.492938E+06  7.539823E+00 -4.203779E-01 -3.667632E-01 -5.575435E-02
  1.000000E+01  9.000000E+00  2.100000E+01 -5.883644E+06 -5.088393E+05 -6.242740E+06  7.539823E+00 -4.777607E-01 -4.131851E-01 -6.336498E-02
  1.000000E+01  9.000000E+00  2.200000E+01 -6.533329E+06 -5.593919E+05 -6.932077E+06  7.539823E+00 -5.305161E-01 -4.542347E-01 -7.036188E-02
  1.000000E+01  9.000000E+00  2.300000E+01 -7.131419E+06 -6.052354E+05 -7.566670E+06  7.539823E+00 -5.790819E-01 -4.914603E-01 -7.680313E-02
  1.000000E+01  9.000000E+00  2.400000E+01 -7.394609E+06 -5.519765E+05 -7.845923E+06  7.539823E+00 -6.004533E-01 -4.482132E-01 -7.963759E-02
  1.000000E+01  9.000000E+00  2.500000E+01 -7.554294E+06 -4.878575E+05 -8.015354E+06  7.539823E+00 -6.134200E-01 -3.961476E-01 -8.135735E-02
  1.000000E+01  1.000000E+01 -2.000000E+00  5.927989E+06  9.553269E+05  5.660812E+06  8.377581E+00  4.813615E-01  7.757398E-01  5.745830E-02
  1.000000E+01  1.000000E+01 -1.000000E+00  5.885128E+06  9.045759E+05  5.619883E+06  8.377581E+00  4.778812E-01  7.345292E-01  5.704287E-02
  1.000000E+01  1.000000E+01  0.000000E+00  5.771042E+06  8.503875E+05  5.510940E+06  8.377581E+00  4.686173E-01  6.905274E-01  5.593707E-02
  1.000000E+01  1.000000E+01  1.000000E+00  5.590224E+06  7.928113E+05  5.338271E+06  8.377581E+00  4.539346E-01  6.437746E-01  5.418445E-02
  1.000000E+01  1.000000E+01  2.000000E+00  5.360514E+06  7.334443E+05  5.118914E+06  8.377581E+00  4.352818E-01  5.955678E-01  5.195793E-02
  1.000000E+01  1.000000E+01  3.000000E+00  5.067651E+06  6.713369E+05  4.839250E+06  8.377581E+00  4.115008E-01  5.451356E-01  4.911929E-02
  1.000000E+01  1.000000E+01  4.000000E+00  4.697531E+06  6.056571E+05  4.485812E+06  8.377581E+00  3.814465E-01  4.918026E-01  4.553183E-02
  1.000000E+01  1.000000E+01  5.000000E+00  4.263206E+06  5.375380E+05  4.071061E+06  8.377581E+00  3.461787E-01  4.364889E-01  4.132204E-02
  1.000000E+01  1.000000E+01  6.000000E+00  3.777824E+06  4.679438E+05  3.607556E+06  8.377581E+00  3.067649E-01  3.799774E-01  3.661737E-02
  1.000000E+01  1.000000E+01  7.000000E+00  3.246219E+06  3.972762E+05  3.099911E+06  8.377581E+00  2.635978E-01  3.225942E-01  3.146467E-02
  1.000000E+01  1.000000E+01  8.000000E+00  2.669962E+06  3.254368E+05  2.549626E+06  8.377581E+00  2.168049E-01  2.642595E-01  2.587918E-02
  1.000000E+01  1.000000E+01  9.000000E+00  2.051544E+06  2.527091E+05  1.959080E+06  8.377581E+00  1.665884E-01  2.052035E-01  1.988503E-02
  1.000000E+01  1.000000E+01  1.000000E+01  1.391475E+06  1.790549E+05  1.328761E+06  8.377581E+00  1.129899E-01  1.453953E-01  1.348717E-02
  1.000000E+01  1.000000E+01  1.100000E+01  6.881564E+05  1.044197E+05  6.571409E+05  8.377581E+00  5.587933E-02  8.479035E-02  6.670103E-03
  1.000000E+01  1.000000E+01  1.200000E+01 -7.808921E+04  2.653904E+04 -7.456970E+04  8.377581E+00 -6.340961E-03  2.155010E-02 -7.568965E-04
  1.000000E+01  1.000000E+01  1.300000E+01 -9.165699E+05 -5.589715E+04 -8.752598E+05  8.377581E+00 -7.442686E-02 -4.538933E-02 -8.884052E-03
  1.000000E+01  1.000000E+01  1.400000E+01 -1.813162E+06 -1.423614E+05 -1.731442E+06  8.377581E+00 -1.472315E-01 -1.155996E-01 -1.757446E-02
  1.000000E+01  1.000000E+01  1.500000E+01 -2.733116E+06 -2.293308E+05 -2.609934E+06  8.377581E+00 -2.219331E-01 -1.862201E-01 -2.649131E-02
  1.000000E+01  1.000000E+01  1.600000E+01 -3.682314E+06 -3.169423E+05 -3.516351E+06  8.377581E+00 -2.990094E-01 -2.573619E-01 -3.569162E-02
  1.000000E+01  1.000000E+01  1.700000E+01 -4.651847E+06 -4.036005E+05 -4.442186E+06  8.377581E+00 -3.777369E-01 -3.277297E-01 -4.508902E-02
  1.000000E+01  1.000000E+01  1.800000E+01 -5.616853E+06 -4.862126E+05 -5.363700E+06  8.377581E+00 -4.560969E-01 -3.948119E-01 -5.444255E-02
  1.000000E+01  1.000000E+01  1.900000E+01 -6.566050E+06 -5.639184E+05 -6.270116E+06  8.377581E+00 -5.331731E-01 -4.579102E-01 -6.364285E-02
  1.000000E+01  1.000000E+01  2.000000E+01 -7.465851E+06 -6.346208E+05 -7.129362E+06  8.377581E+00 -6.062382E-01 -5.153216E-01 -7.236436E-02
  1.000000E+01  1.000000E+01  2.100000E+01 -8.307157E+06 -6.979200E+05 -7.932750E+06  8.377581E+00 -6.745536E-01 -5.667215E-01 -8.051890E-02
  1.000000E+01  1.000000E+01  2.200000E+01 -9.075578E+06 -7.538741E+05 -8.666539E+06  8.377581E+00 -7.369506E-01 -6.121571E-01 -8.796699E-02
  1.000000E+01  1.000000E+01  2.300000E+01 -9.560823E+06 -7.156729E+05 -9.129914E+06  8.377581E+00 -7.763532E-01 -5.811371E-01 -9.267034E-02
  1.000000E+01  1.000000E+01  2.400000E+01 -9.776966E+06 -6.162508E+05 -9.336315E+06  8.377581E+00 -7.939043E-01 -5.004049E-01 -9.476534E-02
  1.000000E+01  1.000000E+01  2.500000E+01 -9.943209E+06 -5.380581E+05 -9.495065E+06  8.377581E+00 -8.074035E-01 -4.369112E-01 -9.637669E-02
  1.000000E+01  1.100000E+01 -2.000000E+00  5.834151E+06  1.038194E+06  5.064731E+06  9.215339E+00  4.737418E-01  8.430290E-01  5.140797E-02
  1.000000E+01  1.100000E+01 -1.000000E+00  5.938584E+06  9.820560E+05  5.155391E+06  9.215339E+00  4.822219E-01  7.974442E-01  5.232818E-02
  1.000000E+01  1.100000E+01  0.000000E+00  5.908765E+06  9.198753E+05  5.129505E+06  9.215339E+00  4.798006E-01  7.469525E-01  5.206543E-02
  1.000000E+01  1.100000E+01  1.000000E+00  5.779005E+06  8.539074E+05  5.016858E+06  9.215339E+00  4.692639E-01  6.933857E-01  5.092204E-02
  1.000000E+01  1.100000E+01  2.000000E+00  5.548660E+06  7.835668E+05  4.816891E+06  9.215339E+00  4.505595E-01  6.362680E-01  4.889235E-02
  1.000000E+01  1.100000E+01  3.000000E+00  5.207599E+06  7.083369E+05  4.520810E+06  9.215339E+00  4.228649E-01  5.751802E-01  4.588707E-02
  1.000000E+01  1.100000E+01  4.000000E+00  4.775455E+06  6.298456E+05  4.145658E+06  9.215339E+00  3.877741E-01  5.114442E-01  4.207921E-02
  1.000000E+01  1.100000E+01  5.000000E+00  4.265847E+06  5.489736E+05  3.703258E+06  9.215339E+00  3.463931E-01  4.457748E-01  3.758876E-02
  1.000000E+01  1.100000E+01  6.000000E+00  3.688464E+06  4.663125E+05  3.202021E+06  9.215339E+00  2.995088E-01  3.786528E-01  3.250112E-02
  1.000000E+01  1.100000E+01  7.000000E+00  3.048275E+06  3.821624E+05  2.646262E+06  9.215339E+00  2.475245E-01  3.103217E-01  2.686006E-02
  1.000000E+01  1.100000E+01  8.000000E+00  2.347435E+06  2.966359E+05  2.037851E+06  9.215339E+00  1.906153E-01  2.408728E-01  2.068457E-02
  1.000000E+01  1.100000E+01  9.000000E+00  1.587720E+06  2.097693E+05  1.378328E+06  9.215339E+00  1.289252E-01  1.703358E-01  1.399029E-02
  1.000000E+01  1.100000E+01  1.000000E+01  7.657406E+05  1.212850E+05  6.647531E+05  9.215339E+00  6.217929E-02  9.848524E-02  6.747369E-03
  1.000000E+01  1.100000E+01  1.100000E+01 -1.250374E+05  3.026873E+04 -1.085472E+05  9.215339E+00 -1.015322E-02  2.457866E-02 -1.101775E-03
  1.000000E+01  1.100000E+01  1.200000E+01 -1.134390E+06 -6.888872E+04 -9.847845E+05  9.215339E+00 -9.211420E-02 -5.593867E-02 -9.995747E-03
  1.000000E+01  1.100000E+01  1.300000E+01 -2.215800E+06 -1.725739E+05 -1.923575E+06  9.215339E+00 -1.799262E-01 -1.401326E-01 -1.952465E-02
  1.000000E+01  1.100000E+01  1.400000E+01 -3.322537E+06 -2.764622E+05 -2.884354E+06  9.215339E+00 -2.697950E-01 -2.244914E-01 -2.927673E-02
  1.000000E+01  1.100000E+01  1.500000E+01 -4.457008E+06 -3.795198E+05 -3.869208E+06  9.215339E+00 -3.619157E-01 -3.081758E-01 -3.927319E-02
  1.000000E+01  1.100000E+01  1.600000E+01 -5.599248E+06 -4.793864E+05 -4.860807E+06  9.215339E+00 -4.546673E-01 -3.892690E-01 -4.933810E-02
  1.000000E+01  1.100000E+01  1.700000E+01 -6.760807E+06 -5.767928E+05 -5.869177E+06  9.215339E+00 -5.489876E-01 -4.683644E-01 -5.957325E-02
  1.000000E+01  1.100000E+01  1.800000E+01 -7.948599E+06 -6.718189E+05 -6.900320E+06  9.215339E+00 -6.454381E-01 -5.455270E-01 -7.003955E-02
  1.000000E+01  1.100000E+01  1.900000E+01 -9.085693E+06 -7.588376E+05 -7.887453E+06  9.215339E+00 -7.377719E-01 -6.161875E-01 -8.005913E-02
  1.000000E+01  1.100000E+01  2.000000E+01 -1.014922E+07 -8.365337E+05 -8.810715E+06  9.215339E+00 -8.241315E-01 -6.792779E-01 -8.943041E-02
  1.000000E+01  1.100000E+01  2.100000E+01 -1.112593E+07 -9.035651E+05 -9.658620E+06  9.215339E+00 -9.034423E-01 -7.337084E-01 -9.803680E-02
  1.000000E+01  1.100000E+01  2.200000E+01 -1.194212E+07 -9.306063E+05 -1.036717E+07  9.215339E+00 -9.697183E-01 -7.556663E-01 -1.052287E-01
  1.000000E+01  1.100000E+01  2.300000E+01 -1.230699E+07 -7.816838E+05 -1.068392E+07  9.215339E+00 -9.993460E-01 -6.347390E-01 -1.084438E-01
  1.000000E+01  1.100000E+01  2.400000E+01 -1.246764E+07 -6.659399E+05 -1.082338E+07  9.215339E+00 -1.012391E+00 -5.407532E-01 -1.098593E-01
  1.000000E+01  1.100000E+01  2.500000E+01 -1.169971E+07 -4.335204E+05 -1.015673E+07  9.215339E+00 -9.500340E-01 -3.520251E-01 -1.030927E-01
  1.000000E+01  1.200000E+01 -2.000000E+00  5.585747E+06  1.112942E+06  4.444996E+06  1.005310E+01  4.535711E-01  9.037255E-01  4.511755E-02
  1.000000E+01  1.200000E+01 -1.000000E+00  5.765587E+06  1.047000E+06  4.588108E+06  1.005310E+01  4.681743E-01  8.501800E-01  4.657016E-02
  1.000000E+01  1.200000E+01  0.000000E+00  5.905043E+06  9.817939E+05  4.699084E+06  1.005310E+01  4.794984E-01  7.972314E-01  4.769658E-02
  1.000000E+01  1.200000E+01  1.000000E+00  5.860943E+06  9.082196E+05  4.663990E+06  1.005310E+01  4.759173E-01  7.374880E-01  4.734037E-02
  1.000000E+01  1.200000E+01  2.000000E+00  5.635918E+06  8.263880E+05  4.484921E+06  1.005310E+01  4.576450E-01  6.710395E-01  4.552279E-02
  1.000000E+01  1.200000E+01  3.000000E+00  5.271160E+06  7.392934E+05  4.194656E+06  1.005310E+01  4.280261E-01  6.003173E-01  4.257654E-02
  1.000000E+01  1.200000E+01  4.000000E+00  4.787190E+06  6.481754E+05  3.809524E+06  1.005310E+01  3.887270E-01  5.263282E-01  3.866738E-02
  1.000000E+01  1.200000E+01  5.000000E+00  4.201662E+06  5.541147E+05  3.343576E+06  1.005310E+01  3.411812E-01  4.499494E-01  3.393792E-02
  1.000000E+01  1.200000E+01  6.000000E+00  3.525339E+06  4.577232E+05  2.805375E+06  1.005310E+01  2.862628E-01  3.716781E-01  2.847509E-02
  1.000000E+01  1.200000E+01  7.000000E+00  2.763788E+06  3.592836E+05  2.199353E+06  1.005310E+01  2.244237E-01  2.917437E-01  2.232384E-02
  1.000000E+01  1.200000E+01  8.000000E+00  1.915571E+06  2.584536E+05  1.524363E+06  1.005310E+01  1.555473E-01  2.098682E-01  1.547257E-02
  1.000000E+01  1.200000E+01  9.000000E+00  9.889125E+05  1.558742E+05  7.869516E+05  1.005310E+01  8.030118E-02  1.265722E-01  7.987706E-03
  1.000000E+01  1.200000E+01  1.000000E+01 -2.185078E+04  5.094310E+04 -1.738830E+04  1.005310E+01 -1.774316E-03  4.136656E-02 -1.764945E-04
  1.000000E+01  1.200000E+01  1.100000E+01 -1.180843E+06 -6.363100E+04 -9.396851E+05  1.005310E+01 -9.588624E-02 -5.166933E-02 -9.537980E-03
  1.000000E+01  1.200000E+01  1.200000E+01 -2.455107E+06 -1.856002E+05 -1.953712E+06  1.005310E+01 -1.993584E-01 -1.507102E-01 -1.983055E-02
  1.000000E+01  1.200000E+01  1.300000E+01 -3.754668E+06 -3.067682E+05 -2.987870E+06  1.005310E+01 -3.048847E-01 -2.491004E-01 -3.032744E-02
  1.000000E+01  1.200000E+01  1.400000E+01 -5.067911E+06 -4.248146E+05 -4.032916E+06  1.005310E+01 -4.115220E-01 -3.449559E-01 -4.093485E-02
  1.000000E+01  1.200000E+01  1.500000E+01 -6.413739E+06 -5.407863E+05 -5.103891E+06  1.005310E+01 -5.208052E-01 -4.391266E-01 -5.180545E-02
  1.000000E+01  1.200000E+01  1.600000E+01 -7.791466E+06 -6.552286E+05 -6.200252E+06  1.005310E+01 -6.326787E-01 -5.320554E-01 -6.293371E-02
  1.000000E+01  1.200000E+01  1.700000E+01 -9.232150E+06 -7.680607E+05 -7.346712E+06  1.005310E+01 -7.496645E-01 -6.236768E-01 -7.457051E-02
  1.000000E+01  1.200000E+01  1.800000E+01 -1.064734E+07 -8.734816E+05 -8.472884E+06  1.005310E+01 -8.645800E-01 -7.092802E-01 -8.600136E-02
  1.000000E+01  1.200000E+01  1.900000E+01 -1.197381E+07 -9.670346E+05 -9.528453E+06  1.005310E+01 -9.722912E-01 -7.852466E-01 -9.671559E-02
  1.000000E+01  1.200000E+01  2.000000E+01 -1.322249E+07 -1.050430E+06 -1.052212E+07  1.005310E+01 -1.073686E+00 -8.529652E-01 -1.068015E-01
  1.000000E+01  1.200000E+01  2.100000E+01 -1.434978E+07 -1.127075E+06 -1.141919E+07  1.005310E+01 -1.165224E+00 -9.152021E-01 -1.159070E-01
  1.000000E+01  1.200000E+01  2.200000E+01 -1.509093E+07 -1.004185E+06 -1.200898E+07  1.005310E+01 -1.225406E+00 -8.154129E-01 -1.218934E-01
  1.000000E+01  1.200000E+01  2.300000E+01 -1.529811E+07 -8.332874E+05 -1.217385E+07  1.005310E+01 -1.242229E+00 -6.766419E-01 -1.235668E-01
  1.000000E+01  1.200000E+01  2.400000E+01 -1.429072E+07 -5.218587E+05 -1.137220E+07  1.005310E+01 -1.160428E+00 -4.237571E-01 -1.154299E-01
  1.000000E+01  1.200000E+01  2.500000E+01 -1.443603E+07 -3.756936E+05 -1.148783E+07  1.005310E+01 -1.172228E+00 -3.050689E-01 -1.166036E-01
  1.000000E+01  1.300000E+01 -2.000000E+00  5.306963E+06  1.188732E+06  3.898289E+06  1.089085E+01  4.309333E-01  9.652680E-01  3.956837E-02
  1.000000E+01  1.300000E+01 -1.000000E+00  5.528934E+06  1.110070E+06  4.061341E+06  1.089085E+01  4.489577E-01  9.013932E-01  4.122337E-02
  1.000000E+01  1.300000E+01  0.000000E+00  5.717463E+06  1.033032E+06  4.199827E+06  1.089085E+01  4.642666E-01  8.388372E-01  4.262903E-02
  1.000000E+01  1.300000E+01  1.000000E+00  5.806641E+06  9.541759E+05  4.265333E+06  1.089085E+01  4.715079E-01  7.748052E-01  4.329393E-02
  1.000000E+01  1.300000E+01  2.000000E+00  5.639502E+06  8.639157E+05  4.142559E+06  1.089085E+01  4.579360E-01  7.015125E-01  4.204775E-02
  1.000000E+01  1.300000E+01  3.000000E+00  5.269473E+06  7.655348E+05  3.870751E+06  1.089085E+01  4.278891E-01  6.216257E-01  3.928885E-02
  1.000000E+01  1.300000E+01  4.000000E+00  4.739382E+06  6.616740E+05  3.481366E+06  1.089085E+01  3.848449E-01  5.372892E-01  3.533652E-02
  1.000000E+01  1.300000E+01  5.000000E+00  4.074587E+06  5.538966E+05  2.993034E+06  1.089085E+01  3.308626E-01  4.497724E-01  3.037985E-02
  1.000000E+01  1.300000E+01  6.000000E+00  3.285320E+06  4.425392E+05  2.413269E+06  1.089085E+01  2.667730E-01  3.593484E-01  2.449513E-02
  1.000000E+01  1.300000E+01  7.000000E+00  2.380674E+06  3.281051E+05  1.748751E+06  1.089085E+01  1.933143E-01  2.664262E-01  1.775015E-02
  1.000000E+01  1.300000E+01  8.000000E+00  1.368028E+06  2.109515E+05  1.004900E+06  1.089085E+01  1.110859E-01  1.712958E-01  1.019993E-02
  1.000000E+01  1.300000E+01  9.000000E+00  2.472912E+05  9.112244E+04  1.816505E+05  1.089085E+01  2.008042E-02  7.399279E-02  1.843787E-03
  1.000000E+01  1.300000E+01  1.000000E+01 -1.025074E+06 -3.652786E+04 -7.529795E+05  1.089085E+01 -8.323753E-02 -2.966117E-02 -7.642883E-03
  1.000000E+01  1.300000E+01  1.100000E+01 -2.480149E+06 -1.765890E+05 -1.821822E+06  1.089085E+01 -2.013918E-01 -1.433930E-01 -1.849183E-02
  1.000000E+01  1.300000E+01  1.200000E+01 -3.983527E+06 -3.162594E+05 -2.926145E+06  1.089085E+01 -3.234684E-01 -2.568074E-01 -2.970092E-02
  1.000000E+01  1.300000E+01  1.300000E+01 -5.489416E+06 -4.510282E+05 -4.032312E+06  1.089085E+01 -4.457488E-01 -3.662417E-01 -4.092873E-02
  1.000000E+01  1.300000E+01  1.400000E+01 -7.044970E+06 -5.840408E+05 -5.174962E+06  1.089085E+01 -5.720621E-01 -4.742499E-01 -5.252683E-02
  1.000000E+01  1.300000E+01  1.500000E+01 -8.670806E+06 -7.171289E+05 -6.369239E+06  1.089085E+01 -7.040825E-01 -5.823194E-01 -6.464896E-02
  1.000000E+01  1.300000E+01  1.600000E+01 -1.034921E+07 -8.476540E+05 -7.602129E+06  1.089085E+01 -8.403714E-01 -6.883078E-01 -7.716303E-02
  1.000000E+01  1.300000E+01  1.700000E+01 -1.206256E+07 -9.729244E+05 -8.860688E+06  1.089085E+01 -9.794978E-01 -7.900292E-01 -8.993765E-02
  1.000000E+01  1.300000E+01  1.800000E+01 -1.370706E+07 -1.086237E+06 -1.006867E+07  1.089085E+01 -1.113034E+00 -8.820405E-01 -1.021989E-01
  1.000000E+01  1.300000E+01  1.900000E+01 -1.527529E+07 -1.187292E+06 -1.122063E+07  1.089085E+01 -1.240376E+00 -9.640989E-01 -1.138915E-01
  1.000000E+01  1.300000E+01  2.000000E+01 -1.675234E+07 -1.276458E+06 -1.230562E+07  1.089085E+01 -1.360315E+00 -1.036503E+00 -1.249044E-01
  1.000000E+01  1.300000E+01  2.100000E+01 -1.785793E+07 -1.314234E+06 -1.311775E+07  1.089085E+01 -1.450091E+00 -1.067178E+00 -1.331476E-01
  1.000000E+01  1.300000E+01  2.200000E+01 -1.856796E+07 -1.069548E+06 -1.363930E+07  1.089085E+01 -1.507746E+00 -8.684888E-01 -1.384415E-01
  1.000000E+01  1.300000E+01  2.300000E+01 -1.745690E+07 -6.965731E+05 -1.282316E+07  1.089085E+01 -1.417526E+00 -5.656278E-01 -1.301575E-01
  1.000000E+01  1.300000E+01  2.400000E+01 -1.738109E+07 -4.540653E+05 -1.276748E+07  1.089085E+01 -1.411371E+00 -3.687078E-01 -1.295923E-01
  1.000000E+01  1.300000E+01  2.500000E+01 -1.884397E+07 -4.335185E+05 -1.384205E+07  1.089085E+01 -1.530158E+00 -3.520236E-01 -1.404994E-01
  1.000000E+01  1.400000E+01 -2.000000E+00  4.975577E+06  1.265485E+06  3.393804E+06  1.172861E+01  4.040243E-01  1.027593E+00  3.444775E-02
  1.000000E+01  1.400000E+01 -1.000000E+00  5.253586E+06  1.172925E+06  3.583432E+06  1.172861E+01  4.265991E-01  9.524326E-01  3.637251E-02
  1.000000E+01  1.400000E+01  0.000000E+00  5.456545E+06  1.080918E+06  3.721869E+06  1.172861E+01  4.430797E-01  8.777216E-01  3.777767E-02
  1.000000E+01  1.400000E+01  1.000000E+00  5.622148E+06  9.928457E+05  3.834826E+06  1.172861E+01  4.565269E-01  8.062056E-01  3.892420E-02
  1.000000E+01  1.400000E+01  2.000000E+00  5.561193E+06  8.966643E+05  3.793249E+06  1.172861E+01  4.515772E-01  7.281049E-01  3.850218E-02
  1.000000E+01  1.400000E+01  3.000000E+00  5.204451E+06  7.875455E+05  3.549917E+06  1.172861E+01  4.226092E-01  6.394988E-01  3.603233E-02
  1.000000E+01  1.400000E+01  4.000000E+00  4.633256E+06  6.707844E+05  3.160310E+06  1.172861E+01  3.762273E-01  5.446870E-01  3.207773E-02
  1.000000E+01  1.400000E+01  5.000000E+00  3.877427E+06  5.479121E+05  2.644765E+06  1.172861E+01  3.148529E-01  4.449128E-01  2.684486E-02
  1.000000E+01  1.400000E+01  6.000000E+00  2.962916E+06  4.206114E+05  2.020983E+06  1.172861E+01  2.405932E-01  3.415428E-01  2.051336E-02
  1.000000E+01  1.400000E+01  7.000000E+00  1.898568E+06  2.891431E+05  1.294999E+06  1.172861E+01  1.541666E-01  2.347886E-01  1.314448E-02
  1.000000E+01  1.400000E+01  8.000000E+00  6.991049E+05  1.545217E+05  4.768543E+05  1.172861E+01  5.676837E-02  1.254739E-01  4.840161E-03
  1.000000E+01  1.400000E+01  9.000000E+00 -6.648829E+05  1.349374E+04 -4.535118E+05  1.172861E+01 -5.398950E-02  1.095712E-02 -4.603229E-03
  1.000000E+01  1.400000E+01  1.000000E+01 -2.248545E+06 -1.408822E+05 -1.533716E+06  1.172861E+01 -1.825852E-01 -1.143984E-01 -1.556750E-02
  1.000000E+01  1.400000E+01  1.100000E+01 -3.958642E+06 -3.002584E+05 -2.700161E+06  1.172861E+01 -3.214477E-01 -2.438144E-01 -2.740714E-02
  1.000000E+01  1.400000E+01  1.200000E+01 -5.678217E+06 -4.543978E+05 -3.873070E+06  1.172861E+01 -4.610797E-01 -3.689778E-01 -3.931239E-02
  1.000000E+01  1.400000E+01  1.300000E+01 -7.446378E+06 -6.056668E+05 -5.079119E+06  1.172861E+01 -6.046571E-01 -4.918105E-01 -5.155401E-02
  1.000000E+01  1.400000E+01  1.400000E+01 -9.278793E+06 -7.559360E+05 -6.328996E+06  1.172861E+01 -7.534519E-01 -6.138314E-01 -6.424049E-02
  1.000000E+01  1.400000E+01  1.500000E+01 -1.124142E+07 -9.062646E+05 -7.667687E+06  1.172861E+01 -9.128199E-01 -7.359004E-01 -7.782846E-02
  1.000000E+01  1.400000E+01  1.600000E+01 -1.323886E+07 -1.050401E+06 -9.030130E+06  1.172861E+01 -1.075016E+00 -8.529417E-01 -9.165752E-02
  1.000000E+01  1.400000E+01  1.700000E+01 -1.525203E+07 -1.185438E+06 -1.040330E+07  1.172861E+01 -1.238488E+00 -9.625934E-01 -1.055954E-01
  1.000000E+01  1.400000E+01  1.800000E+01 -1.718613E+07 -1.306270E+06 -1.172253E+07  1.172861E+01 -1.395539E+00 -1.060711E+00 -1.189859E-01
  1.000000E+01  1.400000E+01  1.900000E+01 -1.903932E+07 -1.414941E+06 -1.298658E+07  1.172861E+01 -1.546021E+00 -1.148954E+00 -1.318162E-01
  1.000000E+01  1.400000E+01  2.000000E+01 -2.056680E+07 -1.498640E+06 -1.402846E+07  1.172861E+01 -1.670055E+00 -1.216918E+00 -1.423915E-01
  1.000000E+01  1.400000E+01  2.100000E+01 -2.186041E+07 -1.404635E+06 -1.491083E+07  1.172861E+01 -1.775098E+00 -1.140584E+00 -1.513477E-01
  1.000000E+01  1.400000E+01  2.200000E+01 -2.151547E+07 -1.023081E+06 -1.467555E+07  1.172861E+01 -1.747089E+00 -8.307568E-01 -1.489595E-01
  1.000000E+01  1.400000E+01  2.300000E+01 -2.045657E+07 -5.534433E+05 -1.395328E+07  1.172861E+01 -1.661104E+00 -4.494043E-01 -1.416284E-01
  1.000000E+01  1.400000E+01  2.400000E+01 -2.215516E+07 -5.120806E+05 -1.511187E+07  1.172861E+01 -1.799032E+00 -4.158171E-01 -1.533883E-01
  1.000000E+01  1.400000E+01  2.500000E+01 -2.407072E+07 -4.953980E+05 -1.641846E+07  1.172861E+01 -1.954579E+00 -4.022706E-01 -1.666505E-01