Generated with : QBlade CE v2.0.9_beta windows
Archive Format: 310039
Time : 22:39:37
Date : 10.12.2025

    WIND [m/s]     ROT [rpm]   PITCH [deg]     POWER [W]    THRUST [N]   TORQUE [Nm]       TSR [-]        CP [-]        CT [-]        CM [-]

  1.000000E+01  1.000000E-10 -2.000000E+00  4.913894E-06  5.626043E+04  4.692423E+05  8.377581E-11  3.990156E-13  4.568431E-02  4.762897E-03
  1.000000E+01  1.000000E-10  0.000000E+00  6.061170E-06  5.587843E+04  5.787991E+05  8.377581E-11  4.921761E-13  4.537413E-02  5.874919E-03
  1.000000E+01  1.000000E-10  2.000000E+00  7.186936E-06  5.537194E+04  6.863019E+05  8.377581E-11  5.835900E-13  4.496285E-02  6.966093E-03
  1.000000E+01  1.000000E-10  4.000000E+00  8.286317E-06  5.474247E+04  7.912850E+05  8.377581E-11  6.728614E-13  4.445171E-02  8.031691E-03
  1.000000E+01  1.000000E-10  6.000000E+00  9.354736E-06  5.399205E+04  8.933115E+05  8.377581E-11  7.596186E-13  4.384235E-02  9.067279E-03
  1.000000E+01  1.000000E-10  8.000000E+00  1.038795E-05  5.312322E+04  9.919759E+05  8.377581E-11  8.435169E-13  4.313685E-02  1.006874E-02
  1.000000E+01  1.000000E-10  1.000000E+01  1.138206E-05  5.213905E+04  1.086906E+06  8.377581E-11  9.242401E-13  4.233769E-02  1.103230E-02
  1.000000E+01  1.000000E-10  1.200000E+01  1.233358E-05  5.104310E+04  1.177770E+06  8.377581E-11  1.001505E-12  4.144776E-02  1.195459E-02
  1.000000E+01  1.000000E-10  1.400000E+01  1.323944E-05  4.983946E+04  1.264273E+06  8.377581E-11  1.075062E-12  4.047039E-02  1.283261E-02
  1.000000E+01  1.000000E-10  1.600000E+01  1.409704E-05  4.853273E+04  1.346168E+06  8.377581E-11  1.144701E-12  3.940931E-02  1.366386E-02
  1.000000E+01  1.000000E-10  1.800000E+01  1.490428E-05  4.712800E+04  1.423254E+06  8.377581E-11  1.210250E-12  3.826865E-02  1.444630E-02
  1.000000E+01  1.000000E-10  2.000000E+01  1.565959E-05  4.563093E+04  1.495381E+06  8.377581E-11  1.271582E-12  3.705300E-02  1.517840E-02
  1.000000E+01  1.000000E-10  2.200000E+01  1.636197E-05  4.404759E+04  1.562453E+06  8.377581E-11  1.328616E-12  3.576730E-02  1.585919E-02
  1.000000E+01  1.000000E-10  2.400000E+01  1.701105E-05  4.238459E+04  1.624435E+06  8.377581E-11  1.381323E-12  3.441692E-02  1.648832E-02
  1.000000E+01  2.000000E+00 -2.000000E+00  3.401348E+05  1.049647E+05  1.624024E+06  1.675516E+00  2.761946E-02  8.523291E-02  1.648415E-02
  1.000000E+01  2.000000E+00  0.000000E+00  3.734373E+05  1.031773E+05  1.783032E+06  1.675516E+00  3.032367E-02  8.378151E-02  1.809811E-02
  1.000000E+01  2.000000E+00  2.000000E+00  4.063420E+05  1.013982E+05  1.940140E+06  1.675516E+00  3.299558E-02  8.233684E-02  1.969279E-02
  1.000000E+01  2.000000E+00  4.000000E+00  4.388995E+05  9.966471E+04  2.095591E+06  1.675516E+00  3.563930E-02  8.092924E-02  2.127064E-02
  1.000000E+01  2.000000E+00  6.000000E+00  4.706341E+05  9.795870E+04  2.247112E+06  1.675516E+00  3.821620E-02  7.954393E-02  2.280861E-02
  1.000000E+01  2.000000E+00  8.000000E+00  5.012068E+05  9.628267E+04  2.393086E+06  1.675516E+00  4.069874E-02  7.818298E-02  2.429027E-02
  1.000000E+01  2.000000E+00  1.000000E+01  5.314773E+05  9.458250E+04  2.537617E+06  1.675516E+00  4.315675E-02  7.680241E-02  2.575729E-02
  1.000000E+01  2.000000E+00  1.200000E+01  5.592070E+05  9.280730E+04  2.670017E+06  1.675516E+00  4.540845E-02  7.536093E-02  2.710117E-02
  1.000000E+01  2.000000E+00  1.400000E+01  5.834656E+05  9.097203E+04  2.785843E+06  1.675516E+00  4.737828E-02  7.387065E-02  2.827683E-02
  1.000000E+01  2.000000E+00  1.600000E+01  6.029411E+05  8.899743E+04  2.878832E+06  1.675516E+00  4.895972E-02  7.226725E-02  2.922068E-02
  1.000000E+01  2.000000E+00  1.800000E+01  6.167802E+05  8.677733E+04  2.944908E+06  1.675516E+00  5.008347E-02  7.046449E-02  2.989137E-02
  1.000000E+01  2.000000E+00  2.000000E+01  6.252742E+05  8.434652E+04  2.985465E+06  1.675516E+00  5.077320E-02  6.849064E-02  3.030303E-02
  1.000000E+01  2.000000E+00  2.200000E+01  6.273421E+05  8.161157E+04  2.995338E+06  1.675516E+00  5.094112E-02  6.626981E-02  3.040324E-02
  1.000000E+01  2.000000E+00  2.400000E+01  6.214099E+05  7.840268E+04  2.967014E+06  1.675516E+00  5.045941E-02  6.366415E-02  3.011574E-02
  1.000000E+01  4.000000E+00 -2.000000E+00  1.636831E+06  2.503800E+05  3.907647E+06  3.351032E+00  1.329132E-01  2.033123E-01  3.966335E-02
  1.000000E+01  4.000000E+00  0.000000E+00  1.741757E+06  2.481028E+05  4.158139E+06  3.351032E+00  1.414333E-01  2.014632E-01  4.220590E-02
  1.000000E+01  4.000000E+00  2.000000E+00  1.821262E+06  2.449464E+05  4.347942E+06  3.351032E+00  1.478892E-01  1.989002E-01  4.413243E-02
  1.000000E+01  4.000000E+00  4.000000E+00  1.870894E+06  2.406128E+05  4.466430E+06  3.351032E+00  1.519194E-01  1.953812E-01  4.533510E-02
  1.000000E+01  4.000000E+00  6.000000E+00  1.887648E+06  2.342234E+05  4.506428E+06  3.351032E+00  1.532799E-01  1.901929E-01  4.574109E-02
  1.000000E+01  4.000000E+00  8.000000E+00  1.864701E+06  2.245126E+05  4.451647E+06  3.351032E+00  1.514165E-01  1.823076E-01  4.518505E-02
  1.000000E+01  4.000000E+00  1.000000E+01  1.800604E+06  2.119851E+05  4.298625E+06  3.351032E+00  1.462117E-01  1.721351E-01  4.363185E-02
  1.000000E+01  4.000000E+00  1.200000E+01  1.696505E+06  1.962854E+05  4.050108E+06  3.351032E+00  1.377588E-01  1.593867E-01  4.110935E-02
  1.000000E+01  4.000000E+00  1.400000E+01  1.563494E+06  1.785837E+05  3.732568E+06  3.351032E+00  1.269581E-01  1.450127E-01  3.788626E-02
  1.000000E+01  4.000000E+00  1.600000E+01  1.392453E+06  1.576415E+05  3.324238E+06  3.351032E+00  1.130693E-01  1.280072E-01  3.374163E-02
  1.000000E+01  4.000000E+00  1.800000E+01  1.188939E+06  1.340306E+05  2.838382E+06  3.351032E+00  9.654361E-02  1.088349E-01  2.881011E-02
  1.000000E+01  4.000000E+00  2.000000E+01  9.630043E+05  1.087518E+05  2.299003E+06  3.351032E+00  7.819739E-02  8.830809E-02  2.333532E-02
  1.000000E+01  4.000000E+00  2.200000E+01  7.170831E+05  8.210998E+04  1.711910E+06  3.351032E+00  5.822822E-02  6.667455E-02  1.737620E-02
  1.000000E+01  4.000000E+00  2.400000E+01  4.505268E+05  5.405752E+04  1.075553E+06  3.351032E+00  3.658345E-02  4.389552E-02  1.091707E-02
  1.000000E+01  6.000000E+00 -2.000000E+00  3.681045E+06  4.890651E+05  5.858565E+06  5.026548E+00  2.989064E-01  3.971282E-01  5.946553E-02
  1.000000E+01  6.000000E+00  0.000000E+00  3.698799E+06  4.728112E+05  5.886821E+06  5.026548E+00  3.003480E-01  3.839298E-01  5.975234E-02
  1.000000E+01  6.000000E+00  2.000000E+00  3.595846E+06  4.470480E+05  5.722967E+06  5.026548E+00  2.919881E-01  3.630097E-01  5.808919E-02
  1.000000E+01  6.000000E+00  4.000000E+00  3.392372E+06  4.124156E+05  5.399128E+06  5.026548E+00  2.754657E-01  3.348876E-01  5.480216E-02
  1.000000E+01  6.000000E+00  6.000000E+00  3.121999E+06  3.719611E+05  4.968816E+06  5.026548E+00  2.535110E-01  3.020380E-01  5.043442E-02
  1.000000E+01  6.000000E+00  8.000000E+00  2.801388E+06  3.271189E+05  4.458547E+06  5.026548E+00  2.274769E-01  2.656255E-01  4.525508E-02
  1.000000E+01  6.000000E+00  1.000000E+01  2.426617E+06  2.783481E+05  3.862081E+06  5.026548E+00  1.970450E-01  2.260228E-01  3.920085E-02
  1.000000E+01  6.000000E+00  1.200000E+01  1.975725E+06  2.244235E+05  3.144464E+06  5.026548E+00  1.604318E-01  1.822353E-01  3.191690E-02
  1.000000E+01  6.000000E+00  1.400000E+01  1.471222E+06  1.673283E+05  2.341523E+06  5.026548E+00  1.194654E-01  1.358731E-01  2.376690E-02
  1.000000E+01  6.000000E+00  1.600000E+01  9.313838E+05  1.091627E+05  1.482343E+06  5.026548E+00  7.562976E-02  8.864178E-02  1.504606E-02
  1.000000E+01  6.000000E+00  1.800000E+01  3.387614E+05  4.784836E+04  5.391556E+05  5.026548E+00  2.750793E-02  3.885359E-02  5.472530E-03
  1.000000E+01  6.000000E+00  2.000000E+01 -2.915963E+05 -1.545618E+04 -4.640899E+05  5.026548E+00 -2.367806E-02 -1.255065E-02 -4.710599E-03
  1.000000E+01  6.000000E+00  2.200000E+01 -9.624873E+05 -8.106139E+04 -1.531846E+06  5.026548E+00 -7.815541E-02 -6.582306E-02 -1.554853E-02
  1.000000E+01  6.000000E+00  2.400000E+01 -1.667478E+06 -1.477117E+05 -2.653873E+06  5.026548E+00 -1.354017E-01 -1.199441E-01 -2.693731E-02
  1.000000E+01  8.000000E+00 -2.000000E+00  5.299819E+06  7.460463E+05  6.326193E+06  6.702065E+00  4.303533E-01  6.058007E-01  6.421205E-02
  1.000000E+01  8.000000E+00  0.000000E+00  5.071780E+06  6.847636E+05  6.053991E+06  6.702065E+00  4.118361E-01  5.560384E-01  6.144915E-02
  1.000000E+01  8.000000E+00  2.000000E+00  4.730299E+06  6.134687E+05  5.646378E+06  6.702065E+00  3.841073E-01  4.981458E-01  5.731179E-02
  1.000000E+01  8.000000E+00  4.000000E+00  4.284036E+06  5.344413E+05  5.113692E+06  6.702065E+00  3.478702E-01  4.339744E-01  5.190493E-02
  1.000000E+01  8.000000E+00  6.000000E+00  3.724734E+06  4.489915E+05  4.446074E+06  6.702065E+00  3.024540E-01  3.645878E-01  4.512848E-02
  1.000000E+01  8.000000E+00  8.000000E+00  3.019956E+06  3.556865E+05  3.604807E+06  6.702065E+00  2.452250E-01  2.888228E-01  3.658947E-02
  1.000000E+01  8.000000E+00  1.000000E+01  2.219365E+06  2.590318E+05  2.649172E+06  6.702065E+00  1.802158E-01  2.103377E-01  2.688959E-02
  1.000000E+01  8.000000E+00  1.200000E+01  1.336420E+06  1.602403E+05  1.595234E+06  6.702065E+00  1.085193E-01  1.301176E-01  1.619193E-02
  1.000000E+01  8.000000E+00  1.400000E+01  3.617166E+05  5.839437E+04  4.317674E+05  6.702065E+00  2.937193E-02  4.741710E-02  4.382520E-03
  1.000000E+01  8.000000E+00  1.600000E+01 -7.239231E+05 -4.952843E+04 -8.641195E+05  6.702065E+00 -5.878364E-02 -4.021782E-02 -8.770975E-03
  1.000000E+01  8.000000E+00  1.800000E+01 -1.910127E+06 -1.635370E+05 -2.280046E+06  6.702065E+00 -1.551052E-01 -1.327945E-01 -2.314290E-02
  1.000000E+01  8.000000E+00  2.000000E+01 -3.166098E+06 -2.795810E+05 -3.779252E+06  6.702065E+00 -2.570919E-01 -2.270240E-01 -3.836011E-02
  1.000000E+01  8.000000E+00  2.200000E+01 -4.372638E+06 -3.845726E+05 -5.219453E+06  6.702065E+00 -3.550648E-01 -3.122787E-01 -5.297842E-02
  1.000000E+01  8.000000E+00  2.400000E+01 -5.339008E+06 -4.611404E+05 -6.372971E+06  6.702065E+00 -4.335354E-01 -3.744530E-01 -6.468685E-02
  1.000000E+01  1.000000E+01 -2.000000E+00  5.957060E+06  9.601599E+05  5.688573E+06  8.377581E+00  4.837222E-01  7.796643E-01  5.774008E-02
  1.000000E+01  1.000000E+01  0.000000E+00  5.794398E+06  8.542368E+05  5.533242E+06  8.377581E+00  4.705138E-01  6.936531E-01  5.616345E-02
  1.000000E+01  1.000000E+01  2.000000E+00  5.380458E+06  7.365860E+05  5.137959E+06  8.377581E+00  4.369012E-01  5.981189E-01  5.215124E-02
  1.000000E+01  1.000000E+01  4.000000E+00  4.716590E+06  6.084115E+05  4.504011E+06  8.377581E+00  3.829941E-01  4.940393E-01  4.571656E-02
  1.000000E+01  1.000000E+01  6.000000E+00  3.796126E+06  4.703783E+05  3.625034E+06  8.377581E+00  3.082511E-01  3.819542E-01  3.679477E-02
  1.000000E+01  1.000000E+01  8.000000E+00  2.687069E+06  3.275593E+05  2.565962E+06  8.377581E+00  2.181940E-01  2.659830E-01  2.604499E-02
  1.000000E+01  1.000000E+01  1.000000E+01  1.406744E+06  1.808278E+05  1.343341E+06  8.377581E+00  1.142297E-01  1.468349E-01  1.363517E-02
  1.000000E+01  1.000000E+01  1.200000E+01 -6.853402E+04  2.763343E+04 -6.544517E+04  8.377581E+00 -5.565065E-03  2.243876E-02 -6.642808E-04
  1.000000E+01  1.000000E+01  1.400000E+01 -1.807484E+06 -1.417206E+05 -1.726020E+06  8.377581E+00 -1.467704E-01 -1.150792E-01 -1.751943E-02
  1.000000E+01  1.000000E+01  1.600000E+01 -3.678885E+06 -3.165750E+05 -3.513076E+06  8.377581E+00 -2.987310E-01 -2.570637E-01 -3.565838E-02
  1.000000E+01  1.000000E+01  1.800000E+01 -5.612118E+06 -4.857459E+05 -5.359178E+06  8.377581E+00 -4.557124E-01 -3.944329E-01 -5.439666E-02
  1.000000E+01  1.000000E+01  2.000000E+01 -7.461079E+06 -6.341867E+05 -7.124805E+06  8.377581E+00 -6.058508E-01 -5.149691E-01 -7.231811E-02
  1.000000E+01  1.000000E+01  2.200000E+01 -9.069797E+06 -7.533771E+05 -8.661018E+06  8.377581E+00 -7.364811E-01 -6.117536E-01 -8.791097E-02
  1.000000E+01  1.000000E+01  2.400000E+01 -9.769899E+06 -6.156606E+05 -9.329566E+06  8.377581E+00 -7.933304E-01 -4.999256E-01 -9.469685E-02
  1.000000E+01  1.200000E+01 -2.000000E+00  5.603061E+06  1.116409E+06  4.458774E+06  1.005310E+01  4.549769E-01  9.065406E-01  4.525739E-02
  1.000000E+01  1.200000E+01  0.000000E+00  5.924626E+06  9.850654E+05  4.714668E+06  1.005310E+01  4.810885E-01  7.998880E-01  4.785476E-02
  1.000000E+01  1.200000E+01  2.000000E+00  5.656341E+06  8.293500E+05  4.501173E+06  1.005310E+01  4.593033E-01  6.734447E-01  4.568775E-02
  1.000000E+01  1.200000E+01  4.000000E+00  4.807629E+06  6.508249E+05  3.825789E+06  1.005310E+01  3.903866E-01  5.284796E-01  3.883248E-02
  1.000000E+01  1.200000E+01  6.000000E+00  3.544606E+06  4.600066E+05  2.820708E+06  1.005310E+01  2.878273E-01  3.735323E-01  2.863072E-02
  1.000000E+01  1.200000E+01  8.000000E+00  1.927395E+06  2.598218E+05  1.533772E+06  1.005310E+01  1.565073E-01  2.109792E-01  1.556807E-02
  1.000000E+01  1.200000E+01  1.000000E+01 -1.546705E+04  5.167198E+04 -1.230828E+04  1.005310E+01 -1.255947E-03  4.195843E-02 -1.249314E-04
  1.000000E+01  1.200000E+01  1.200000E+01 -2.450965E+06 -1.851587E+05 -1.950416E+06  1.005310E+01 -1.990221E-01 -1.503516E-01 -1.979709E-02
  1.000000E+01  1.200000E+01  1.400000E+01 -5.062604E+06 -4.242979E+05 -4.028693E+06  1.005310E+01 -4.110911E-01 -3.445363E-01 -4.089198E-02
  1.000000E+01  1.200000E+01  1.600000E+01 -7.785961E+06 -6.547430E+05 -6.195871E+06  1.005310E+01 -6.322317E-01 -5.316612E-01 -6.288925E-02
  1.000000E+01  1.200000E+01  1.800000E+01 -1.064057E+07 -8.729367E+05 -8.467500E+06  1.005310E+01 -8.640306E-01 -7.088377E-01 -8.594671E-02
  1.000000E+01  1.200000E+01  2.000000E+01 -1.321395E+07 -1.049779E+06 -1.051532E+07  1.005310E+01 -1.072992E+00 -8.524364E-01 -1.067325E-01
  1.000000E+01  1.200000E+01  2.200000E+01 -1.508036E+07 -1.003401E+06 -1.200057E+07  1.005310E+01 -1.224548E+00 -8.147763E-01 -1.218080E-01
  1.000000E+01  1.200000E+01  2.400000E+01 -1.427785E+07 -5.207916E+05 -1.136195E+07  1.005310E+01 -1.159382E+00 -4.228906E-01 -1.153259E-01
  1.000000E+01  1.400000E+01 -2.000000E+00  4.995845E+06  1.269038E+06  3.407629E+06  1.172861E+01  4.056701E-01  1.030478E+00  3.458807E-02
  1.000000E+01  1.400000E+01  0.000000E+00  5.479213E+06  1.084232E+06  3.737331E+06  1.172861E+01  4.449203E-01  8.804129E-01  3.793461E-02
  1.000000E+01  1.400000E+01  2.000000E+00  5.584583E+06  8.996480E+05  3.809203E+06  1.172861E+01  4.534765E-01  7.305277E-01  3.866412E-02
  1.000000E+01  1.400000E+01  4.000000E+00  4.651614E+06  6.729454E+05  3.172831E+06  1.172861E+01  3.777180E-01  5.464418E-01  3.220483E-02
  1.000000E+01  1.400000E+01  6.000000E+00  2.972733E+06  4.217356E+05  2.027679E+06  1.172861E+01  2.413904E-01  3.424556E-01  2.058132E-02
  1.000000E+01  1.400000E+01  8.000000E+00  7.080447E+05  1.554689E+05  4.829521E+05  1.172861E+01  5.749429E-02  1.262431E-01  4.902054E-03
  1.000000E+01  1.400000E+01  1.000000E+01 -2.243676E+06 -1.403993E+05 -1.530395E+06  1.172861E+01 -1.821899E-01 -1.140063E-01 -1.553380E-02
  1.000000E+01  1.400000E+01  1.200000E+01 -5.673165E+06 -4.539513E+05 -3.869624E+06  1.172861E+01 -4.606695E-01 -3.686153E-01 -3.927741E-02
  1.000000E+01  1.400000E+01  1.400000E+01 -9.271991E+06 -7.553930E+05 -6.324357E+06  1.172861E+01 -7.528996E-01 -6.133904E-01 -6.419341E-02
  1.000000E+01  1.400000E+01  1.600000E+01 -1.323036E+07 -1.049807E+06 -9.024334E+06  1.172861E+01 -1.074325E+00 -8.524587E-01 -9.159868E-02
  1.000000E+01  1.400000E+01  1.800000E+01 -1.717548E+07 -1.305596E+06 -1.171527E+07  1.172861E+01 -1.394674E+00 -1.060164E+00 -1.189121E-01
  1.000000E+01  1.400000E+01  2.000000E+01 -2.055260E+07 -1.497761E+06 -1.401878E+07  1.172861E+01 -1.668902E+00 -1.216205E+00 -1.422932E-01
  1.000000E+01  1.400000E+01  2.200000E+01 -2.149973E+07 -1.021804E+06 -1.466481E+07  1.172861E+01 -1.745810E+00 -8.297203E-01 -1.488505E-01
  1.000000E+01  1.400000E+01  2.400000E+01 -2.214574E+07 -5.117209E+05 -1.510545E+07  1.172861E+01 -1.798267E+00 -4.155250E-01 -1.533231E-01